Date,Close
1998-05-21,7.098511695861816
1998-05-22,6.980202674865723
1998-05-26,6.625276565551758
1998-05-27,6.506968021392822
1998-05-28,6.506968021392822
1998-05-29,6.654853820800781
1998-06-01,6.506968021392822
1998-06-02,6.625276565551758
1998-06-03,6.506968021392822
1998-06-04,6.506968021392822
1998-06-05,6.506968021392822
1998-06-08,6.506968021392822
1998-06-09,6.388660430908203
1998-06-10,6.506968021392822
1998-06-11,6.980202674865723
1998-06-12,6.861893653869629
1998-06-15,7.024568557739258
1998-06-16,6.625276565551758
1998-06-17,6.625276565551758
1998-06-18,6.566122531890869
1998-06-19,6.625276565551758
1998-06-22,6.506968021392822
1998-06-23,6.506968021392822
1998-06-24,6.506968021392822
1998-06-25,6.447814464569092
1998-06-26,6.314717769622803
1998-06-29,6.314717769622803
1998-06-30,6.03373384475708
1998-07-01,6.092888832092285
1998-07-02,6.03373384475708
1998-07-06,5.678808689117432
1998-07-07,5.501346111297607
1998-07-08,5.442192077636719
1998-07-09,5.501346111297607
1998-07-10,5.442192077636719
1998-07-13,5.7379631996154785
1998-07-14,5.678808689117432
1998-07-15,6.625276565551758
1998-07-16,6.388660430908203
1998-07-17,6.388660430908203
1998-07-20,6.152042865753174
1998-07-21,6.152042865753174
1998-07-22,6.270351409912109
1998-07-23,6.152042865753174
1998-07-24,6.152042865753174
1998-07-27,6.03373384475708
1998-07-28,5.97458028793335
1998-07-29,5.797117710113525
1998-07-30,5.442192077636719
1998-07-31,5.323883533477783
1998-08-03,5.323883533477783
1998-08-04,4.968957901000977
1998-08-05,4.968957901000977
1998-08-06,4.140798091888428
1998-08-07,3.9041810035705566
1998-08-10,4.259106636047363
1998-08-11,4.199952125549316
1998-08-12,4.140798091888428
1998-08-13,4.259106636047363
1998-08-14,4.02249002456665
1998-08-17,4.140798091888428
1998-08-18,4.495724201202393
1998-08-19,4.377415180206299
1998-08-20,4.61403226852417
1998-08-21,5.442192077636719
1998-08-24,5.797117710113525
1998-08-25,5.7379631996154785
1998-08-26,5.205574989318848
1998-08-27,4.61403226852417
1998-08-28,4.185163497924805
1998-08-31,3.9633352756500244
1998-09-01,3.741506814956665
1998-09-02,4.199952125549316
1998-09-03,3.9041810035705566
1998-09-04,4.259106636047363
1998-09-08,4.259106636047363
1998-09-09,4.259106636047363
1998-09-10,4.02249002456665
1998-09-11,4.02249002456665
1998-09-14,4.02249002456665
1998-09-15,3.9633352756500244
1998-09-16,4.259106636047363
1998-09-17,4.199952125549316
1998-09-18,4.140798091888428
1998-09-21,4.02249002456665
1998-09-22,4.140798091888428
1998-09-23,3.785872459411621
1998-09-24,3.7562952041625977
1998-09-25,3.312638282775879
1998-09-28,3.312638282775879
1998-09-29,3.312638282775879
1998-09-30,3.312638282775879
1998-10-01,3.312638282775879
1998-10-02,3.312638282775879
1998-10-05,3.3717925548553467
1998-10-06,3.312638282775879
1998-10-07,3.1943302154541016
1998-10-08,2.9577131271362305
1998-10-09,3.3717925548553467
1998-10-12,3.1943302154541016
1998-10-13,3.1351757049560547
1998-10-14,3.076021432876587
1998-10-15,2.7210960388183594
1998-10-16,3.1943302154541016
1998-10-19,3.4901013374328613
1998-10-20,3.3717925548553467
1998-10-21,3.3717925548553467
1998-10-22,3.5788328647613525
1998-10-23,3.3717925548553467
1998-10-26,3.401370048522949
1998-10-27,3.253484010696411
1998-10-28,3.076021432876587
1998-10-29,3.1943302154541016
1998-10-30,3.253484010696411
1998-11-02,2.928135633468628
1998-11-03,3.1055986881256104
1998-11-04,3.312638282775879
1998-11-05,3.312638282775879
1998-11-06,3.253484010696411
1998-11-09,3.1943302154541016
1998-11-10,3.253484010696411
1998-11-11,3.1351757049560547
1998-11-12,3.1351757049560547
1998-11-13,3.076021432876587
1998-11-16,2.9577131271362305
1998-11-17,2.7210960388183594
1998-11-18,2.543633222579956
1998-11-19,2.3661701679229736
1998-11-20,2.4844789505004883
1998-11-23,2.4253244400024414
1998-11-24,2.7210960388183594
1998-11-25,3.608409881591797
1998-11-27,3.785872459411621
1998-11-30,3.785872459411621
1998-12-01,3.785872459411621
1998-12-02,3.6675636768341064
1998-12-03,3.1943302154541016
1998-12-04,2.839404344558716
1998-12-07,2.780249834060669
1998-12-08,2.780249834060669
1998-12-09,2.839404344558716
1998-12-10,2.839404344558716
1998-12-11,2.839404344558716
1998-12-14,2.8985588550567627
1998-12-15,2.839404344558716
1998-12-16,2.8985588550567627
1998-12-17,2.839404344558716
1998-12-18,2.8985588550567627
1998-12-21,2.839404344558716
1998-12-22,2.8098273277282715
1998-12-23,2.8985588550567627
1998-12-24,2.8098273277282715
1998-12-28,2.839404344558716
1998-12-29,3.01686692237854
1998-12-30,2.780249834060669
1998-12-31,2.8098273277282715
1999-01-04,2.839404344558716
1999-01-05,2.8689815998077393
1999-01-06,2.8098273277282715
1999-01-07,2.8098273277282715
1999-01-08,2.8098273277282715
1999-01-11,2.9577131271362305
1999-01-12,3.7267181873321533
1999-01-13,3.845026731491089
1999-01-14,3.608409881591797
1999-01-15,4.140798091888428
1999-01-19,4.436569690704346
1999-01-20,4.968957901000977
1999-01-21,5.087266445159912
1999-01-22,4.554877281188965
1999-01-25,4.495724201202393
1999-01-26,4.436569690704346
1999-01-27,4.436569690704346
1999-01-28,4.259106636047363
1999-01-29,4.31826114654541
1999-02-01,4.259106636047363
1999-02-02,4.31826114654541
1999-02-03,4.436569690704346
1999-02-04,4.495724201202393
1999-02-05,4.31826114654541
1999-02-08,4.377415180206299
1999-02-09,4.525301456451416
1999-02-10,4.554877281188965
1999-02-11,4.673186779022217
1999-02-12,4.732340335845947
1999-02-16,5.028111934661865
1999-02-17,4.90980339050293
1999-02-18,4.968957901000977
1999-02-19,4.968957901000977
1999-02-22,4.90980339050293
1999-02-23,4.90980339050293
1999-02-24,4.880226135253906
1999-02-25,4.880226135253906
1999-02-26,4.761917591094971
1999-03-01,4.31826114654541
1999-03-02,4.377415180206299
1999-03-03,4.31826114654541
1999-03-04,4.259106636047363
1999-03-05,4.259106636047363
1999-03-08,4.140798091888428
1999-03-09,3.9041810035705566
1999-03-10,3.9633352756500244
1999-03-11,3.7267181873321533
1999-03-12,3.785872459411621
1999-03-15,3.6675636768341064
1999-03-16,3.6675636768341064
1999-03-17,4.31826114654541
1999-03-18,4.259106636047363
1999-03-19,4.259106636047363
1999-03-22,4.377415180206299
1999-03-23,3.9041810035705566
1999-03-24,3.9633352756500244
1999-03-25,4.259106636047363
1999-03-26,4.61403226852417
1999-03-29,4.761917591094971
1999-03-30,4.61403226852417
1999-03-31,4.732340335845947
1999-04-01,4.61403226852417
1999-04-05,4.199952125549316
1999-04-06,4.377415180206299
1999-04-07,4.081643581390381
1999-04-08,4.081643581390381
1999-04-09,4.111220836639404
1999-04-12,3.785872459411621
1999-04-13,3.9041810035705566
1999-04-14,3.9041810035705566
1999-04-15,3.7267181873321533
1999-04-16,3.549255847930908
1999-04-19,3.6675636768341064
1999-04-20,3.608409881591797
1999-04-21,3.6675636768341064
1999-04-22,3.6675636768341064
1999-04-23,3.6675636768341064
1999-04-26,3.6675636768341064
1999-04-27,3.785872459411621
1999-04-28,3.6675636768341064
1999-04-29,3.785872459411621
1999-04-30,3.785872459411621
1999-05-03,3.7267181873321533
1999-05-04,4.02249002456665
1999-05-05,3.785872459411621
1999-05-06,3.7562952041625977
1999-05-07,3.7562952041625977
1999-05-10,4.377415180206299
1999-05-11,4.377415180206299
1999-05-12,4.466146945953369
1999-05-13,4.229529857635498
1999-05-14,4.347837924957275
1999-05-17,4.259106636047363
1999-05-18,4.052065849304199
1999-05-19,3.9041810035705566
1999-05-20,3.845026731491089
1999-05-21,3.785872459411621
1999-05-24,3.785872459411621
1999-05-25,4.259106636047363
1999-05-26,4.554877281188965
1999-05-27,4.31826114654541
1999-05-28,4.259106636047363
1999-06-01,3.9633352756500244
1999-06-02,3.785872459411621
1999-06-03,3.785872459411621
1999-06-04,3.7267181873321533
1999-06-07,3.785872459411621
1999-06-08,3.7562952041625977
1999-06-09,3.8154497146606445
1999-06-10,3.9041810035705566
1999-06-11,3.7562952041625977
1999-06-14,3.7562952041625977
1999-06-15,3.785872459411621
1999-06-16,3.9041810035705566
1999-06-17,3.845026731491089
1999-06-18,3.6675636768341064
1999-06-21,3.6675636768341064
1999-06-22,3.549255847930908
1999-06-23,3.549255847930908
1999-06-24,3.608409881591797
1999-06-25,3.6675636768341064
1999-06-28,3.2830612659454346
1999-06-29,3.312638282775879
1999-06-30,3.4309468269348145
1999-07-01,3.1943302154541016
1999-07-02,3.253484010696411
1999-07-06,3.549255847930908
1999-07-07,3.3717925548553467
1999-07-08,3.312638282775879
1999-07-09,3.312638282775879
1999-07-12,3.312638282775879
1999-07-13,3.312638282775879
1999-07-14,3.253484010696411
1999-07-15,3.253484010696411
1999-07-16,3.253484010696411
1999-07-19,3.253484010696411
1999-07-20,3.253484010696411
1999-07-21,3.312638282775879
1999-07-22,3.076021432876587
1999-07-23,2.9577131271362305
1999-07-26,2.9577131271362305
1999-07-27,2.839404344558716
1999-07-28,2.780249834060669
1999-07-29,3.076021432876587
1999-07-30,3.1351757049560547
1999-08-02,3.1351757049560547
1999-08-03,2.839404344558716
1999-08-04,3.01686692237854
1999-08-05,2.9577131271362305
1999-08-06,2.9577131271362305
1999-08-09,2.839404344558716
1999-08-10,2.780249834060669
1999-08-11,2.839404344558716
1999-08-12,2.780249834060669
1999-08-13,2.839404344558716
1999-08-16,2.839404344558716
1999-08-17,2.780249834060669
1999-08-18,2.780249834060669
1999-08-19,2.839404344558716
1999-08-20,3.1943302154541016
1999-08-23,3.4901013374328613
1999-08-24,3.253484010696411
1999-08-25,3.312638282775879
1999-08-26,3.312638282775879
1999-08-27,3.076021432876587
1999-08-30,3.076021432876587
1999-08-31,3.01686692237854
1999-09-01,2.7950387001037598
1999-09-02,2.8098273277282715
1999-09-03,2.839404344558716
1999-09-07,2.839404344558716
1999-09-08,2.839404344558716
1999-09-09,2.928135633468628
1999-09-10,2.9577131271362305
1999-09-13,2.8689815998077393
1999-09-14,2.9577131271362305
1999-09-15,2.8689815998077393
1999-09-16,2.8098273277282715
1999-09-17,2.839404344558716
1999-09-20,3.3422155380249023
1999-09-21,3.4901013374328613
1999-09-22,3.549255847930908
1999-09-23,3.5788328647613525
1999-09-24,3.5196783542633057
1999-09-27,3.312638282775879
1999-09-28,3.3717925548553467
1999-09-29,3.4309468269348145
1999-09-30,3.4309468269348145
1999-10-01,3.4309468269348145
1999-10-04,3.4901013374328613
1999-10-05,3.460524320602417
1999-10-06,3.401370048522949
1999-10-07,3.549255847930908
1999-10-08,4.259106636047363
1999-10-11,3.7267181873321533
1999-10-12,3.9041810035705566
1999-10-13,3.4901013374328613
1999-10-14,3.4309468269348145
1999-10-15,3.3422155380249023
1999-10-18,3.312638282775879
1999-10-19,3.1943302154541016
1999-10-20,2.928135633468628
1999-10-21,2.8985588550567627
1999-10-22,2.9577131271362305
1999-10-25,2.9577131271362305
1999-10-26,2.8689815998077393
1999-10-27,3.076021432876587
1999-10-28,2.9577131271362305
1999-10-29,2.8098273277282715
1999-11-01,2.8985588550567627
1999-11-02,2.839404344558716
1999-11-03,2.839404344558716
1999-11-04,3.253484010696411
1999-11-05,3.253484010696411
1999-11-08,2.9577131271362305
1999-11-09,2.839404344558716
1999-11-10,2.8098273277282715
1999-11-11,2.839404344558716
1999-11-12,2.839404344558716
1999-11-15,2.9577131271362305
1999-11-16,2.8689815998077393
1999-11-17,2.839404344558716
1999-11-18,2.839404344558716
1999-11-19,2.839404344558716
1999-11-22,2.780249834060669
1999-11-23,2.780249834060669
1999-11-24,2.8985588550567627
1999-11-26,3.6675636768341064
1999-11-29,3.785872459411621
1999-11-30,3.697141170501709
1999-12-01,3.785872459411621
1999-12-02,3.608409881591797
1999-12-03,3.697141170501709
1999-12-06,3.6675636768341064
1999-12-07,3.7562952041625977
1999-12-08,3.7562952041625977
1999-12-09,3.7267181873321533
1999-12-10,3.7562952041625977
1999-12-13,3.7562952041625977
1999-12-14,3.7562952041625977
1999-12-15,3.8154497146606445
1999-12-16,3.7562952041625977
1999-12-17,3.8154497146606445
1999-12-20,4.111220836639404
1999-12-21,4.111220836639404
1999-12-22,4.732340335845947
1999-12-23,5.678808689117432
1999-12-27,6.861893653869629
1999-12-28,8.281596183776855
1999-12-29,7.571744918823242
1999-12-30,7.453436374664307
1999-12-31,7.542167663574219
2000-01-03,6.743585109710693
2000-01-04,6.270351409912109
2000-01-05,6.980202674865723
2000-01-06,7.571744918823242
2000-01-07,7.808362007141113
2000-01-10,8.459059715270996
2000-01-11,8.399904251098633
2000-01-12,9.10975456237793
2000-01-13,9.050602912902832
2000-01-14,8.459059715270996
2000-01-18,8.932293891906738
2000-01-19,8.991448402404785
2000-01-20,9.405526161193848
2000-01-21,11.002692222595215
2000-01-24,13.664632797241211
2000-01-25,12.18577766418457
2000-01-26,11.120999336242676
2000-01-27,10.647767066955566
2000-01-28,11.002692222595215
2000-01-31,11.830852508544922
2000-02-01,12.540702819824219
2000-02-02,14.019558906555176
2000-02-03,13.605480194091797
2000-02-04,14.078713417053223
2000-02-07,12.659011840820312
2000-02-08,13.487170219421387
2000-02-09,13.487170219421387
2000-02-10,14.078713417053223
2000-02-11,14.167444229125977
2000-02-14,15.02518081665039
2000-02-15,18.45612907409668
2000-02-16,21.295534133911133
2000-02-17,23.661705017089844
2000-02-18,19.698368072509766
2000-02-22,21.768768310546875
2000-02-23,22.774389266967773
2000-02-24,21.768768310546875
2000-02-25,23.1884708404541
2000-02-28,22.715234756469727
2000-02-29,21.82792091369629
2000-03-01,18.160356521606445
2000-03-02,21.295534133911133
2000-03-03,22.65608024597168
2000-03-06,22.951852798461914
2000-03-07,22.478618621826172
2000-03-08,21.768768310546875
2000-03-09,21.65045928955078
2000-03-10,22.12369155883789
2000-03-13,21.768768310546875
2000-03-14,21.65045928955078
2000-03-15,21.41383934020996
2000-03-16,21.058914184570312
2000-03-17,20.82229995727539
2000-03-20,20.70399284362793
2000-03-21,19.40259552001953
2000-03-22,18.45612907409668
2000-03-23,18.21950912475586
2000-03-24,19.047670364379883
2000-03-27,19.875831604003906
2000-03-28,20.467374801635742
2000-03-29,22.715234756469727
2000-03-30,23.1884708404541
2000-03-31,19.63921356201172
2000-04-03,17.036426544189453
2000-04-04,13.250553131103516
2000-04-05,16.326574325561523
2000-04-06,18.337820053100586
2000-04-07,18.27866554260254
2000-04-10,14.670254707336426
2000-04-11,15.616724014282227
2000-04-12,11.002692222595215
2000-04-13,13.842097282409668
2000-04-14,11.120999336242676
2000-04-17,13.723787307739258
2000-04-18,13.487170219421387
2000-04-19,12.304085731506348
2000-04-20,12.244932174682617
2000-04-24,12.244932174682617
2000-04-25,12.18577766418457
2000-04-26,12.06746768951416
2000-04-27,12.777320861816406
2000-04-28,13.36886215209961
2000-05-01,13.191400527954102
2000-05-02,12.836474418640137
2000-05-03,12.422394752502441
2000-05-04,11.59423542022705
2000-05-05,11.120999336242676
2000-05-08,11.357617378234863
2000-05-09,11.239309310913086
2000-05-10,10.233687400817871
2000-05-11,10.05622386932373
2000-05-12,10.351996421813965
2000-05-15,10.174532890319824
2000-05-16,10.470303535461426
2000-05-17,11.120999336242676
2000-05-18,10.766075134277344
2000-05-19,10.322418212890625
2000-05-22,9.760452270507812
2000-05-23,9.878761291503906
2000-05-24,9.464680671691895
2000-05-25,9.937915802001953
2000-05-26,11.59423542022705
2000-05-30,11.002692222595215
2000-05-31,11.771697998046875
2000-06-01,11.41677188873291
2000-06-02,11.9491605758667
2000-06-05,12.126622200012207
2000-06-06,11.712542533874512
2000-06-07,11.298462867736816
2000-06-08,11.475926399230957
2000-06-09,11.239309310913086
2000-06-12,11.59423542022705
2000-06-13,11.59423542022705
2000-06-14,11.475926399230957
2000-06-15,10.351996421813965
2000-06-16,10.766075134277344
2000-06-19,10.82522964477539
2000-06-20,11.298462867736816
2000-06-21,10.766075134277344
2000-06-22,10.766075134277344
2000-06-23,11.357617378234863
2000-06-26,11.061845779418945
2000-06-27,11.061845779418945
2000-06-28,12.540702819824219
2000-06-29,13.013936042785645
2000-06-30,12.954782485961914
2000-07-03,12.895628929138184
2000-07-05,12.895628929138184
2000-07-06,13.250553131103516
2000-07-07,12.540702819824219
2000-07-10,12.304085731506348
2000-07-11,12.540702819824219
2000-07-12,12.422394752502441
2000-07-13,11.830852508544922
2000-07-14,11.535079956054688
2000-07-17,12.777320861816406
2000-07-18,12.06746768951416
2000-07-19,11.9491605758667
2000-07-20,12.304085731506348
2000-07-21,11.9491605758667
2000-07-24,11.9491605758667
2000-07-25,12.06746768951416
2000-07-26,12.18577766418457
2000-07-27,10.411149978637695
2000-07-28,9.937915802001953
2000-07-31,9.760452270507812
2000-08-01,10.351996421813965
2000-08-02,10.884384155273438
2000-08-03,10.943538665771484
2000-08-04,10.943538665771484
2000-08-07,11.59423542022705
2000-08-08,11.298462867736816
2000-08-09,10.884384155273438
2000-08-10,10.647767066955566
2000-08-11,10.292840957641602
2000-08-14,9.760452270507812
2000-08-15,10.05622386932373
2000-08-16,9.878761291503906
2000-08-17,9.760452270507812
2000-08-18,9.760452270507812
2000-08-21,9.81960678100586
2000-08-22,9.760452270507812
2000-08-23,9.464680671691895
2000-08-24,9.464680671691895
2000-08-25,9.464680671691895
2000-08-28,9.257641792297363
2000-08-29,9.346373558044434
2000-08-30,9.168910026550293
2000-08-31,10.351996421813965
2000-09-01,10.292840957641602
2000-09-05,10.529457092285156
2000-09-06,10.529457092285156
2000-09-07,9.760452270507812
2000-09-08,9.937915802001953
2000-09-11,9.523835182189941
2000-09-12,9.701297760009766
2000-09-13,9.81960678100586
2000-09-14,9.464680671691895
2000-09-15,9.22806453704834
2000-09-18,9.168910026550293
2000-09-19,8.63652229309082
2000-09-20,9.050602912902832
2000-09-21,8.0449800491333
2000-09-22,8.518213272094727
2000-09-25,10.351996421813965
2000-09-26,10.70691967010498
2000-09-27,10.233687400817871
2000-09-28,11.298462867736816
2000-09-29,15.084335327148438
2000-10-02,12.718165397644043
2000-10-03,12.777320861816406
2000-10-04,11.357617378234863
2000-10-05,11.061845779418945
2000-10-06,10.82522964477539
2000-10-09,10.292840957641602
2000-10-10,10.766075134277344
2000-10-11,10.174532890319824
2000-10-12,9.464680671691895
2000-10-13,10.351996421813965
2000-10-16,11.357617378234863
2000-10-17,11.59423542022705
2000-10-18,11.59423542022705
2000-10-19,13.191400527954102
2000-10-20,12.659011840820312
2000-10-23,12.363240242004395
2000-10-24,11.9491605758667
2000-10-25,11.890006065368652
2000-10-26,10.647767066955566
2000-10-27,10.943538665771484
2000-10-30,10.884384155273438
2000-10-31,12.00831413269043
2000-11-01,11.890006065368652
2000-11-02,11.771697998046875
2000-11-03,11.653388977050781
2000-11-06,10.647767066955566
2000-11-07,10.351996421813965
2000-11-08,10.05622386932373
2000-11-09,8.63652229309082
2000-11-10,8.222441673278809
2000-11-13,7.453436374664307
2000-11-14,8.281596183776855
2000-11-15,6.743585109710693
2000-11-16,7.216819763183594
2000-11-17,7.512590408325195
2000-11-20,7.335127353668213
2000-11-21,7.157665729522705
2000-11-22,6.625276565551758
2000-11-24,7.157665729522705
2000-11-27,6.743585109710693
2000-11-28,6.625276565551758
2000-11-29,6.152042865753174
2000-11-30,4.554877281188965
2000-12-01,4.939380645751953
2000-12-04,5.915426254272461
2000-12-05,7.098511695861816
2000-12-06,6.566122531890869
2000-12-07,6.861893653869629
2000-12-08,6.950625896453857
2000-12-11,7.512590408325195
2000-12-12,6.980202674865723
2000-12-13,6.980202674865723
2000-12-14,6.802740097045898
2000-12-15,5.797117710113525
2000-12-18,5.619654655456543
2000-12-19,5.205574989318848
2000-12-20,4.968957901000977
2000-12-21,4.732340335845947
2000-12-22,5.856271266937256
2000-12-26,5.678808689117432
2000-12-27,5.678808689117432
2000-12-28,5.7379631996154785
2000-12-29,5.087266445159912
2001-01-02,4.732340335845947
2001-01-03,5.264728546142578
2001-01-04,5.826694488525391
2001-01-05,5.678808689117432
2001-01-08,5.797117710113525
2001-01-09,6.388660430908203
2001-01-10,7.453436374664307
2001-01-11,6.684431076049805
2001-01-12,7.216819763183594
2001-01-16,7.216819763183594
2001-01-17,7.098511695861816
2001-01-18,6.684431076049805
2001-01-19,6.684431076049805
2001-01-22,7.039356708526611
2001-01-23,7.926670551300049
2001-01-24,8.281596183776855
2001-01-25,7.808362007141113
2001-01-26,7.157665729522705
2001-01-29,7.48301362991333
2001-01-30,7.335127353668213
2001-01-31,7.335127353668213
2001-02-01,6.802740097045898
2001-02-02,6.980202674865723
2001-02-05,6.447814464569092
2001-02-06,6.566122531890869
2001-02-07,6.270351409912109
2001-02-08,6.388660430908203
2001-02-09,5.856271266937256
2001-02-12,5.678808689117432
2001-02-13,4.791494846343994
2001-02-14,5.323883533477783
2001-02-15,6.152042865753174
2001-02-16,5.442192077636719
2001-02-20,6.211197376251221
2001-02-21,6.181620121002197
2001-02-22,6.196408748626709
2001-02-23,6.506968021392822
2001-02-26,6.03373384475708
2001-02-27,6.270351409912109
2001-02-28,6.152042865753174
2001-03-01,6.03373384475708
2001-03-02,6.03373384475708
2001-03-05,5.915426254272461
2001-03-06,5.97458028793335
2001-03-07,6.506968021392822
2001-03-08,6.181620121002197
2001-03-09,5.767539978027344
2001-03-12,5.501346111297607
2001-03-13,5.678808689117432
2001-03-14,5.619654655456543
2001-03-15,5.35345983505249
2001-03-16,4.90980339050293
2001-03-19,4.968957901000977
2001-03-20,4.761917591094971
2001-03-21,4.732340335845947
2001-03-22,4.791494846343994
2001-03-23,4.939380645751953
2001-03-26,4.968957901000977
2001-03-27,5.323883533477783
2001-03-28,4.90980339050293
2001-03-29,4.90980339050293
2001-03-30,5.146420478820801
2001-04-02,4.732340335845947
2001-04-03,4.90980339050293
2001-04-04,4.554877281188965
2001-04-05,4.732340335845947
2001-04-06,4.732340335845947
2001-04-09,4.59983491897583
2001-04-10,4.732340335845947
2001-04-11,4.751270294189453
2001-04-12,4.732340335845947
2001-04-16,4.732340335845947
2001-04-17,4.59983491897583
2001-04-18,4.968957901000977
2001-04-19,4.9594926834106445
2001-04-20,4.694482326507568
2001-04-23,4.647158145904541
2001-04-24,4.685017108917236
2001-04-25,4.770199298858643
2001-04-26,4.694482326507568
2001-04-27,5.271827697753906
2001-04-30,5.470585823059082
2001-05-01,5.347545146942139
2001-05-02,5.347545146942139
2001-05-03,5.357009410858154
2001-05-04,5.347545146942139
2001-05-07,5.39486837387085
2001-05-08,5.480050563812256
2001-05-09,5.489515781402588
2001-05-10,5.205574989318848
2001-05-11,4.921634197235107
2001-05-14,4.741805553436279
2001-05-15,4.8743109703063965
2001-05-16,4.798593521118164
2001-05-17,4.798593521118164
2001-05-18,4.779664516448975
2001-05-21,4.808058261871338
2001-05-22,5.252898216247559
2001-05-23,4.826986789703369
2001-05-24,4.78912878036499
2001-05-25,4.732340335845947
2001-05-29,4.637693881988525
2001-05-30,4.798593521118164
2001-05-31,4.732340335845947
2001-06-01,4.732340335845947
2001-06-04,4.353753566741943
2001-06-05,4.173923969268799
2001-06-06,3.8331964015960693
2001-06-07,3.795337200164795
2001-06-08,3.73854923248291
2001-06-11,3.3221030235290527
2001-06-12,3.359961986541748
2001-06-13,3.028697967529297
2001-06-14,3.028697967529297
2001-06-15,2.9056572914123535
2001-06-18,2.886727809906006
2001-06-19,2.877262830734253
2001-06-20,2.650110960006714
2001-06-21,2.829939842224121
2001-06-22,3.028697967529297
2001-06-25,2.839404344558716
2001-06-26,2.829939842224121
2001-06-27,2.886727809906006
2001-06-28,2.839404344558716
2001-06-29,3.076021432876587
2001-07-02,3.0949509143829346
2001-07-03,3.03816294670105
2001-07-05,2.8583338260650635
2001-07-06,2.839404344558716
2001-07-09,2.8677985668182373
2001-07-10,2.697434186935425
2001-07-11,2.6217167377471924
2001-07-12,2.650110960006714
2001-07-13,2.2715237140655518
2001-07-16,1.940259575843811
2001-07-17,1.7982892990112305
2001-07-18,1.997047781944275
2001-07-19,2.3661701679229736
2001-07-20,2.744757890701294
2001-07-23,2.545999526977539
2001-07-24,2.602787494659424
2001-07-25,2.593322515487671
2001-07-26,2.5176050662994385
2001-07-27,2.5554637908935547
2001-07-30,2.4608170986175537
2001-07-31,2.2242000102996826
2001-08-01,2.2715237140655518
2001-08-02,2.2242000102996826
2001-08-03,2.2336647510528564
2001-08-06,2.2242000102996826
2001-08-07,2.1768767833709717
2001-08-08,2.1768767833709717
2001-08-09,1.987583041191101
2001-08-10,2.015977382659912
2001-08-13,2.00651216506958
2001-08-14,1.7225720882415771
2001-08-15,1.7131072282791138
2001-08-16,2.1011593341827393
2001-08-17,2.063300609588623
2001-08-20,1.9497241973876953
2001-08-21,1.7982892990112305
2001-08-22,1.8456130027770996
2001-08-23,2.063300609588623
2001-08-24,2.2242000102996826
2001-08-27,2.120088577270508
2001-08-28,2.00651216506958
2001-08-29,2.0349068641662598
2001-08-30,1.987583041191101
2001-08-31,1.8456130027770996
2001-09-04,1.8456130027770996
2001-09-05,1.7888247966766357
2001-09-06,1.8456130027770996
2001-09-07,1.703642725944519
2001-09-10,1.6941778659820557
2001-09-17,1.6563191413879395
2001-09-18,1.372378945350647
2001-09-19,1.5143489837646484
2001-09-20,1.2966612577438354
2001-09-21,1.561672329902649
2001-09-24,1.419702172279358
2001-09-25,1.220943808555603
2001-09-26,1.154691219329834
2001-09-27,1.1262973546981812
2001-09-28,1.1452265977859497
2001-10-01,1.2304085493087769
2001-10-02,1.325055480003357
2001-10-03,1.3345199823379517
2001-10-04,1.561672329902649
2001-10-05,1.627925157546997
2001-10-08,1.5143489837646484
2001-10-09,1.5143489837646484
2001-10-10,1.2304085493087769
2001-10-11,1.372378945350647
2001-10-12,1.467025637626648
2001-10-15,1.5143489837646484
2001-10-16,1.4575610160827637
2001-10-17,1.467025637626648
2001-10-18,1.580601692199707
2001-10-19,1.5048844814300537
2001-10-22,1.3345199823379517
2001-10-23,1.372378945350647
2001-10-24,1.1830850839614868
2001-10-25,1.1641557216644287
2001-10-26,1.1641557216644287
2001-10-29,1.1925498247146606
2001-10-30,1.1830850839614868
2001-10-31,1.1830850839614868
2001-11-01,1.268267273902893
2001-11-02,1.268267273902893
2001-11-05,1.2777318954467773
2001-11-06,1.1357618570327759
2001-11-07,1.1073676347732544
2001-11-08,1.1357618570327759
2001-11-09,1.1830850839614868
2001-11-12,1.1168323755264282
2001-11-13,1.0695090293884277
2001-11-14,1.0884383916854858
2001-11-15,1.0505796670913696
2001-11-16,1.1357618570327759
2001-11-19,1.0979030132293701
2001-11-20,1.0505796670913696
2001-11-21,1.0505796670913696
2001-11-23,1.0411150455474854
2001-11-26,1.0411150455474854
2001-11-27,1.0411150455474854
2001-11-28,1.0505796670913696
2001-11-29,1.0411150455474854
2001-11-30,0.9937915205955505
2001-12-03,0.9464681148529053
2001-12-04,1.0505796670913696
2001-12-05,1.1830850839614868
2001-12-06,1.54274320602417
2001-12-07,2.3661701679229736
2001-12-10,1.9781184196472168
2001-12-11,2.593322515487671
2001-12-12,2.8204753398895264
2001-12-13,2.782616376876831
2001-12-14,2.545999526977539
2001-12-17,2.4229583740234375
2001-12-18,2.157947063446045
2001-12-19,1.987583041191101
2001-12-20,1.921330451965332
2001-12-21,1.997047781944275
2001-12-24,1.9686535596847534
2001-12-26,2.0822300910949707
2001-12-27,1.8929362297058105
2001-12-28,1.9307949542999268
2001-12-31,1.987583041191101
2002-01-02,2.120088577270508
2002-01-03,2.110624313354492
2002-01-04,2.1863412857055664
2002-01-07,2.3188469409942627
2002-01-08,2.14848256111145
2002-01-09,2.2904531955718994
2002-01-10,2.45135235786438
2002-01-11,2.602787494659424
2002-01-14,2.602787494659424
2002-01-15,2.8204753398895264
2002-01-16,3.123344659805298
2002-01-17,3.028697967529297
2002-01-18,2.6595754623413086
2002-01-22,2.744757890701294
2002-01-23,2.839404344558716
2002-01-24,2.829939842224121
2002-01-25,2.829939842224121
2002-01-28,2.839404344558716
2002-01-29,2.7068984508514404
2002-01-30,2.678504705429077
2002-01-31,2.792080879211426
2002-02-01,2.829939842224121
2002-02-04,2.744757890701294
2002-02-05,2.697434186935425
2002-02-06,2.5554637908935547
2002-02-07,2.5554637908935547
2002-02-08,2.4608170986175537
2002-02-11,2.404029130935669
2002-02-12,2.4229583740234375
2002-02-13,2.4324231147766113
2002-02-14,2.3850996494293213
2002-02-15,2.489211320877075
2002-02-19,2.5554637908935547
2002-02-20,2.5176050662994385
2002-02-21,2.1768767833709717
2002-02-22,2.015977382659912
2002-02-25,2.0822300910949707
2002-02-26,2.1295533180236816
2002-02-27,2.1768767833709717
2002-02-28,2.1768767833709717
2002-03-01,2.0822300910949707
2002-03-04,2.0822300910949707
2002-03-05,2.120088577270508
2002-03-06,2.0822300910949707
2002-03-07,2.1295533180236816
2002-03-08,2.3661701679229736
2002-03-11,2.2715237140655518
2002-03-12,2.3188469409942627
2002-03-13,2.829939842224121
2002-03-14,2.5081405639648438
2002-03-15,2.489211320877075
2002-03-18,2.744757890701294
2002-03-19,2.792080879211426
2002-03-20,2.697434186935425
2002-03-21,2.5649287700653076
2002-03-22,2.744757890701294
2002-03-25,2.49867582321167
2002-03-26,2.744757890701294
2002-03-27,2.697434186935425
2002-03-28,2.697434186935425
2002-04-01,2.5554637908935547
2002-04-02,2.4608170986175537
2002-04-03,2.5743935108184814
2002-04-04,2.5554637908935547
2002-04-05,2.2809884548187256
2002-04-08,2.3661701679229736
2002-04-09,2.5554637908935547
2002-04-10,2.3188469409942627
2002-04-11,1.826683521270752
2002-04-12,2.262058734893799
2002-04-15,2.157947063446045
2002-04-16,2.0349068641662598
2002-04-17,2.072765350341797
2002-04-18,2.1011593341827393
2002-04-19,2.072765350341797
2002-04-22,2.3661701679229736
2002-04-23,2.1295533180236816
2002-04-24,1.9118655920028687
2002-04-25,1.9024009704589844
2002-04-26,1.8456130027770996
2002-04-29,2.0349068641662598
2002-04-30,1.9781184196472168
2002-05-01,2.1295533180236816
2002-05-02,2.0349068641662598
2002-05-03,2.063300609588623
2002-05-06,1.8456130027770996
2002-05-07,1.6184605360031128
2002-05-08,1.987583041191101
2002-05-09,2.0349068641662598
2002-05-10,2.2715237140655518
2002-05-13,2.0822300910949707
2002-05-14,2.1768767833709717
2002-05-15,2.2242000102996826
2002-05-16,2.1295533180236816
2002-05-17,2.120088577270508
2002-05-20,2.063300609588623
2002-05-21,2.072765350341797
2002-05-22,1.987583041191101
2002-05-23,1.8929362297058105
2002-05-24,1.8929362297058105
2002-05-28,1.8456130027770996
2002-05-29,1.9024009704589844
2002-05-30,1.874006986618042
2002-05-31,1.8929362297058105
2002-06-03,1.8077540397644043
2002-06-04,1.6657840013504028
2002-06-05,1.9024009704589844
2002-06-06,1.7225720882415771
2002-06-07,1.5143489837646484
2002-06-10,1.6563191413879395
2002-06-11,1.7888247966766357
2002-06-12,1.5143489837646484
2002-06-13,1.6468546390533447
2002-06-14,1.5048844814300537
2002-06-17,1.608995795249939
2002-06-18,1.7131072282791138
2002-06-19,1.5900665521621704
2002-06-20,1.608995795249939
2002-06-21,1.608995795249939
2002-06-24,1.5143489837646484
2002-06-25,1.5143489837646484
2002-06-26,1.608995795249939
2002-06-27,1.7415014505386353
2002-06-28,1.7415014505386353
2002-07-01,1.6563191413879395
2002-07-02,1.561672329902649
2002-07-03,1.675248622894287
2002-07-05,1.7793599367141724
2002-07-08,1.7225720882415771
2002-07-09,1.1073676347732544
2002-07-10,0.9937915205955505
2002-07-11,1.0127209424972534
2002-07-12,1.1073676347732544
2002-07-15,1.1830850839614868
2002-07-16,1.325055480003357
2002-07-17,1.2304085493087769
2002-07-18,1.2304085493087769
2002-07-19,1.2777318954467773
2002-07-22,1.3534492254257202
2002-07-23,1.2304085493087769
2002-07-24,1.2871967554092407
2002-07-25,1.1830850839614868
2002-07-26,1.2114791870117188
2002-07-29,1.2398731708526611
2002-07-30,1.325055480003357
2002-07-31,1.2588025331497192
2002-08-01,1.325055480003357
2002-08-02,1.268267273902893
2002-08-05,1.1830850839614868
2002-08-06,1.1830850839614868
2002-08-07,1.2304085493087769
2002-08-08,1.1073676347732544
2002-08-09,1.1641557216644287
2002-08-12,1.0884383916854858
2002-08-13,1.0884383916854858
2002-08-14,1.1357618570327759
2002-08-15,1.1357618570327759
2002-08-16,1.0789735317230225
2002-08-19,1.1357618570327759
2002-08-20,1.1357618570327759
2002-08-21,1.1830850839614868
2002-08-22,1.1073676347732544
2002-08-23,1.1830850839614868
2002-08-26,1.2304085493087769
2002-08-27,1.2304085493087769
2002-08-28,1.2304085493087769
2002-08-29,1.2114791870117188
2002-08-30,1.2777318954467773
2002-09-03,1.1830850839614868
2002-09-04,1.1925498247146606
2002-09-05,1.2020145654678345
2002-09-06,1.2966612577438354
2002-09-09,1.1830850839614868
2002-09-10,1.3345199823379517
2002-09-11,1.372378945350647
2002-09-12,1.419702172279358
2002-09-13,1.4764902591705322
2002-09-16,1.4102376699447632
2002-09-17,1.249337911605835
2002-09-18,1.1830850839614868
2002-09-19,1.1830850839614868
2002-09-20,1.1830850839614868
2002-09-23,1.0884383916854858
2002-09-24,1.0505796670913696
2002-09-25,1.1830850839614868
2002-09-26,1.2114791870117188
2002-09-27,1.1830850839614868
2002-09-30,1.1262973546981812
2002-10-01,1.1830850839614868
2002-10-02,1.1830850839614868
2002-10-03,1.1073676347732544
2002-10-04,1.1073676347732544
2002-10-07,1.0884383916854858
2002-10-08,1.0127209424972534
2002-10-09,0.9937915205955505
2002-10-10,1.0695090293884277
2002-10-11,1.0884383916854858
2002-10-14,1.0884383916854858
2002-10-15,1.0979030132293701
2002-10-16,1.0127209424972534
2002-10-17,1.1830850839614868
2002-10-18,1.419702172279358
2002-10-21,1.467025637626648
2002-10-22,1.419702172279358
2002-10-23,1.419702172279358
2002-10-24,1.3061259984970093
2002-10-25,1.467025637626648
2002-10-28,1.315590739250183
2002-10-29,1.2966612577438354
2002-10-30,1.419702172279358
2002-10-31,1.268267273902893
2002-11-01,1.1830850839614868
2002-11-04,1.419702172279358
2002-11-05,1.2777318954467773
2002-11-06,1.2398731708526611
2002-11-07,1.2871967554092407
2002-11-08,1.372378945350647
2002-11-11,1.2588025331497192
2002-11-12,1.2588025331497192
2002-11-13,1.268267273902893
2002-11-14,1.2777318954467773
2002-11-15,1.2588025331497192
2002-11-18,1.2114791870117188
2002-11-19,1.1641557216644287
2002-11-20,1.2114791870117188
2002-11-21,1.1830850839614868
2002-11-22,1.173620581626892
2002-11-25,1.1357618570327759
2002-11-26,1.060044288635254
2002-11-27,0.9937915205955505
2002-11-29,1.0411150455474854
2002-12-02,1.1168323755264282
2002-12-03,1.0505796670913696
2002-12-04,0.9937915205955505
2002-12-05,1.0411150455474854
2002-12-06,1.0789735317230225
2002-12-09,1.0221854448318481
2002-12-10,0.9937915205955505
2002-12-11,0.9937915205955505
2002-12-12,1.0695090293884277
2002-12-13,0.9653974771499634
2002-12-16,0.9464681148529053
2002-12-17,1.00325608253479
2002-12-18,0.9464681148529053
2002-12-19,0.9464681148529053
2002-12-20,0.8518213629722595
2002-12-23,0.8518213629722595
2002-12-24,0.8518213629722595
2002-12-26,0.8518213629722595
2002-12-27,0.8802153468132019
2002-12-30,0.8044978976249695
2002-12-31,0.9180741310119629
2003-01-02,0.7950332760810852
2003-01-03,0.8518213629722595
2003-01-06,0.8139625787734985
2003-01-07,0.8991446495056152
2003-01-08,0.7571744918823242
2003-01-09,0.6814570426940918
2003-01-10,0.7003864049911499
2003-01-13,0.6719923615455627
2003-01-14,0.6719923615455627
2003-01-15,0.6719923615455627
2003-01-16,0.6719923615455627
2003-01-17,0.6814570426940918
2003-01-21,0.6625277400016785
2003-01-22,0.6152042746543884
2003-01-23,0.6625277400016785
2003-01-24,0.6152042746543884
2003-01-27,0.5205575227737427
2003-01-28,0.5489515066146851
2003-01-29,0.5489515066146851
2003-01-30,0.47323405742645264
2003-01-31,0.47323405742645264
2003-02-03,0.45430469512939453
2003-02-04,0.49216338992118835
2003-02-05,0.47323405742645264
2003-02-06,0.42591068148612976
2003-02-07,0.38805192708969116
2003-02-10,0.42591068148612976
2003-02-11,0.49216338992118835
2003-02-12,0.5205575227737427
2003-02-13,0.5205575227737427
2003-02-14,0.5678809285163879
2003-02-18,0.709851086139679
2003-02-19,0.709851086139679
2003-02-20,0.709851086139679
2003-02-21,0.8139625787734985
2003-02-24,0.8423566222190857
2003-02-25,0.8423566222190857
2003-02-26,0.8139625787734985
2003-02-27,0.7761038541793823
2003-02-28,0.709851086139679
2003-03-03,0.586810290813446
2003-03-04,0.6530629992485046
2003-03-05,0.8139625787734985
2003-03-06,0.8423566222190857
2003-03-07,0.8518213629722595
2003-03-10,0.8044978976249695
2003-03-11,0.8234273195266724
2003-03-12,0.8328920006752014
2003-03-13,0.9180741310119629
2003-03-14,0.9843267798423767
2003-03-17,1.0411150455474854
2003-03-18,1.0695090293884277
2003-03-19,1.0316503047943115
2003-03-20,0.9748620986938477
2003-03-21,0.937003493309021
2003-03-24,0.937003493309021
2003-03-25,0.9843267798423767
2003-03-26,0.9559327960014343
2003-03-27,0.9275386929512024
2003-03-28,0.9464681148529053
2003-03-31,0.9559327960014343
2003-04-01,1.0316503047943115
2003-04-02,1.060044288635254
2003-04-03,1.2114791870117188
2003-04-04,1.3061259984970093
2003-04-07,1.2966612577438354
2003-04-08,1.1357618570327759
2003-04-09,1.2871967554092407
2003-04-10,1.2777318954467773
2003-04-11,1.2114791870117188
2003-04-14,1.1168323755264282
2003-04-15,1.0127209424972534
2003-04-16,1.1262973546981812
2003-04-17,1.325055480003357
2003-04-21,1.419702172279358
2003-04-22,1.419702172279358
2003-04-23,1.5143489837646484
2003-04-24,1.467025637626648
2003-04-25,1.3439847230911255
2003-04-28,1.2304085493087769
2003-04-29,1.268267273902893
2003-04-30,1.1830850839614868
2003-05-01,1.2304085493087769
2003-05-02,1.2304085493087769
2003-05-05,1.3061259984970093
2003-05-06,1.4007728099822998
2003-05-07,1.561672329902649
2003-05-08,1.4291669130325317
2003-05-09,1.419702172279358
2003-05-12,1.372378945350647
2003-05-13,1.3818434476852417
2003-05-14,1.3913081884384155
2003-05-15,1.54274320602417
2003-05-16,1.5143489837646484
2003-05-19,1.561672329902649
2003-05-20,1.5048844814300537
2003-05-21,1.4764902591705322
2003-05-22,1.3345199823379517
2003-05-23,1.4007728099822998
2003-05-27,1.2871967554092407
2003-05-28,1.2777318954467773
2003-05-29,1.1925498247146606
2003-05-30,1.1641557216644287
2003-06-02,1.2304085493087769
2003-06-03,1.1830850839614868
2003-06-04,1.154691219329834
2003-06-05,1.1452265977859497
2003-06-06,1.1452265977859497
2003-06-09,1.1925498247146606
2003-06-10,1.220943808555603
2003-06-11,1.2304085493087769
2003-06-12,1.2871967554092407
2003-06-13,1.325055480003357
2003-06-16,1.1830850839614868
2003-06-17,1.2304085493087769
2003-06-18,1.3345199823379517
2003-06-19,1.3534492254257202
2003-06-20,1.3439847230911255
2003-06-23,1.3061259984970093
2003-06-24,1.2304085493087769
2003-06-25,1.2304085493087769
2003-06-26,1.1830850839614868
2003-06-27,1.2304085493087769
2003-06-30,1.1357618570327759
2003-07-01,1.2966612577438354
2003-07-02,1.2020145654678345
2003-07-03,1.249337911605835
2003-07-07,1.325055480003357
2003-07-08,1.750966191291809
2003-07-09,1.7131072282791138
2003-07-10,1.6468546390533447
2003-07-11,1.608995795249939
2003-07-14,1.7982892990112305
2003-07-15,1.7131072282791138
2003-07-16,1.732036828994751
2003-07-17,1.6657840013504028
2003-07-18,1.703642725944519
2003-07-21,1.7888247966766357
2003-07-22,1.8929362297058105
2003-07-23,1.9024009704589844
2003-07-24,1.987583041191101
2003-07-25,1.8929362297058105
2003-07-28,1.6941778659820557
2003-07-29,1.6563191413879395
2003-07-30,1.5900665521621704
2003-07-31,1.8550773859024048
2003-08-01,2.1295533180236816
2003-08-04,2.0349068641662598
2003-08-05,2.0538361072540283
2003-08-06,2.072765350341797
2003-08-07,2.0349068641662598
2003-08-08,1.9024009704589844
2003-08-11,1.8929362297058105
2003-08-12,1.987583041191101
2003-08-13,1.9781184196472168
2003-08-14,1.997047781944275
2003-08-15,2.0822300910949707
2003-08-18,2.3661701679229736
2003-08-19,2.5743935108184814
2003-08-20,2.262058734893799
2003-08-21,2.593322515487671
2003-08-22,2.678504705429077
2003-08-25,2.5081405639648438
2003-08-26,2.5649287700653076
2003-08-27,2.5554637908935547
2003-08-28,2.545999526977539
2003-08-29,2.49867582321167
2003-09-02,2.792080879211426
2003-09-03,2.839404344558716
2003-09-04,2.735292911529541
2003-09-05,2.839404344558716
2003-09-08,2.9624452590942383
2003-09-09,2.9056572914123535
2003-09-10,2.735292911529541
2003-09-11,2.7731516361236572
2003-09-12,2.45135235786438
2003-09-15,2.4134933948516846
2003-09-16,2.3661701679229736
2003-09-17,2.347241163253784
2003-09-18,2.243129014968872
2003-09-19,2.4702818393707275
2003-09-22,2.3661701679229736
2003-09-23,2.2904531955718994
2003-09-24,2.3283114433288574
2003-09-25,2.299917459487915
2003-09-26,2.3756351470947266
2003-09-29,2.2904531955718994
2003-09-30,2.347241163253784
2003-10-01,2.337775945663452
2003-10-02,2.356705904006958
2003-10-03,2.5270700454711914
2003-10-06,2.6690399646759033
2003-10-07,2.839404344558716
2003-10-08,2.744757890701294
2003-10-09,2.697434186935425
2003-10-10,2.697434186935425
2003-10-13,2.6595754623413086
2003-10-14,2.5554637908935547
2003-10-15,2.64064621925354
2003-10-16,2.6122519969940186
2003-10-17,2.5649287700653076
2003-10-20,2.6122519969940186
2003-10-21,2.9151220321655273
2003-10-22,2.782616376876831
2003-10-23,2.5081405639648438
2003-10-24,2.3188469409942627
2003-10-27,2.262058734893799
2003-10-28,2.356705904006958
2003-10-29,2.4797463417053223
2003-10-30,2.4797463417053223
2003-10-31,2.5270700454711914
2003-11-03,2.583857774734497
2003-11-04,2.4608170986175537
2003-11-05,2.404029130935669
2003-11-06,2.404029130935669
2003-11-07,2.3661701679229736
2003-11-10,2.2904531955718994
2003-11-11,2.205270767211914
2003-11-12,2.262058734893799
2003-11-13,2.2715237140655518
2003-11-14,2.441887617111206
2003-11-17,2.4608170986175537
2003-11-18,2.5081405639648438
2003-11-19,2.489211320877075
2003-11-20,2.337775945663452
2003-11-21,2.309382438659668
2003-11-24,2.441887617111206
2003-11-25,2.4324231147766113
2003-11-26,2.3850996494293213
2003-11-28,2.4229583740234375
2003-12-01,2.337775945663452
2003-12-02,2.4324231147766113
2003-12-03,2.489211320877075
2003-12-04,2.4134933948516846
2003-12-05,2.3661701679229736
2003-12-08,2.4134933948516846
2003-12-09,2.3661701679229736
2003-12-10,2.2715237140655518
2003-12-11,2.3661701679229736
2003-12-12,2.489211320877075
2003-12-15,2.4134933948516846
2003-12-16,2.3756351470947266
2003-12-17,2.2336647510528564
2003-12-18,2.3188469409942627
2003-12-19,2.337775945663452
2003-12-22,2.3283114433288574
2003-12-23,2.2715237140655518
2003-12-24,2.3661701679229736
2003-12-26,2.3850996494293213
2003-12-29,2.337775945663452
2003-12-30,2.356705904006958
2003-12-31,2.214735269546509
2004-01-02,2.1863412857055664
2004-01-05,2.120088577270508
2004-01-06,2.14848256111145
2004-01-07,2.3283114433288574
2004-01-08,2.394564390182495
2004-01-09,2.2715237140655518
2004-01-12,2.3188469409942627
2004-01-13,2.3188469409942627
2004-01-14,2.3188469409942627
2004-01-15,2.3188469409942627
2004-01-16,2.347241163253784
2004-01-20,2.4134933948516846
2004-01-21,2.744757890701294
2004-01-22,2.725828170776367
2004-01-23,2.7068984508514404
2004-01-26,2.678504705429077
2004-01-27,2.631181478500366
2004-01-28,2.5554637908935547
2004-01-29,2.4797463417053223
2004-01-30,2.337775945663452
2004-02-02,2.3661701679229736
2004-02-03,2.3188469409942627
2004-02-04,2.3188469409942627
2004-02-05,2.3661701679229736
2004-02-06,2.3756351470947266
2004-02-09,2.299917459487915
2004-02-10,2.299917459487915
2004-02-11,2.2715237140655518
2004-02-12,2.1768767833709717
2004-02-13,2.0443708896636963
2004-02-17,2.157947063446045
2004-02-18,2.1768767833709717
2004-02-19,2.214735269546509
2004-02-20,2.1768767833709717
2004-02-23,2.1863412857055664
2004-02-24,2.1011593341827393
2004-02-25,2.205270767211914
2004-02-26,2.167412042617798
2004-02-27,2.1768767833709717
2004-03-01,2.1768767833709717
2004-03-02,2.1768767833709717
2004-03-03,2.167412042617798
2004-03-04,2.243129014968872
2004-03-05,2.2242000102996826
2004-03-08,2.1011593341827393
2004-03-09,2.1295533180236816
2004-03-10,1.997047781944275
2004-03-11,2.025441884994507
2004-03-12,2.072765350341797
2004-03-15,2.00651216506958
2004-03-16,1.997047781944275
2004-03-17,1.940259575843811
2004-03-18,1.940259575843811
2004-03-19,1.9024009704589844
2004-03-22,1.7793599367141724
2004-03-23,1.8929362297058105
2004-03-24,1.8929362297058105
2004-03-25,2.0349068641662598
2004-03-26,2.025441884994507
2004-03-29,1.987583041191101
2004-03-30,2.00651216506958
2004-03-31,1.987583041191101
2004-04-01,2.0349068641662598
2004-04-02,2.0538361072540283
2004-04-05,2.025441884994507
2004-04-06,2.025441884994507
2004-04-07,2.025441884994507
2004-04-08,2.337775945663452
2004-04-12,2.839404344558716
2004-04-13,2.45135235786438
2004-04-14,2.3661701679229736
2004-04-15,2.243129014968872
2004-04-16,2.309382438659668
2004-04-19,2.347241163253784
2004-04-20,2.2715237140655518
2004-04-21,2.309382438659668
2004-04-22,2.489211320877075
2004-04-23,2.839404344558716
2004-04-26,2.744757890701294
2004-04-27,2.725828170776367
2004-04-28,2.602787494659424
2004-04-29,2.4134933948516846
2004-04-30,2.3661701679229736
2004-05-03,2.167412042617798
2004-05-04,2.1958060264587402
2004-05-05,2.243129014968872
2004-05-06,2.14848256111145
2004-05-07,2.1768767833709717
2004-05-10,2.063300609588623
2004-05-11,2.120088577270508
2004-05-12,2.0349068641662598
2004-05-13,2.0822300910949707
2004-05-14,2.063300609588623
2004-05-17,2.14848256111145
2004-05-18,2.1768767833709717
2004-05-19,2.0349068641662598
2004-05-20,1.9497241973876953
2004-05-21,1.997047781944275
2004-05-24,1.987583041191101
2004-05-25,1.9307949542999268
2004-05-26,1.921330451965332
2004-05-27,1.921330451965332
2004-05-28,1.9686535596847534
2004-06-01,1.9686535596847534
2004-06-02,2.015977382659912
2004-06-03,2.2336647510528564
2004-06-04,2.1768767833709717
2004-06-07,2.1768767833709717
2004-06-08,2.1768767833709717
2004-06-09,2.0822300910949707
2004-06-10,2.0822300910949707
2004-06-14,1.9781184196472168
2004-06-15,2.1390180587768555
2004-06-16,2.309382438659668
2004-06-17,2.1863412857055664
2004-06-18,2.120088577270508
2004-06-21,2.0916945934295654
2004-06-22,2.157947063446045
2004-06-23,2.120088577270508
2004-06-24,2.1390180587768555
2004-06-25,2.14848256111145
2004-06-28,2.1295533180236816
2004-06-29,2.120088577270508
2004-06-30,2.0349068641662598
2004-07-01,2.0349068641662598
2004-07-02,1.9591889381408691
2004-07-06,1.987583041191101
2004-07-07,2.015977382659912
2004-07-08,1.997047781944275
2004-07-09,2.00651216506958
2004-07-12,1.9781184196472168
2004-07-13,2.015977382659912
2004-07-14,1.997047781944275
2004-07-15,1.9781184196472168
2004-07-16,1.9781184196472168
2004-07-19,1.997047781944275
2004-07-20,2.0822300910949707
2004-07-21,2.1768767833709717
2004-07-22,2.14848256111145
2004-07-23,2.0349068641662598
2004-07-26,2.00651216506958
2004-07-27,1.9686535596847534
2004-07-28,1.987583041191101
2004-07-29,1.9307949542999268
2004-07-30,1.9497241973876953
2004-08-02,1.9497241973876953
2004-08-03,1.874006986618042
2004-08-04,1.8456130027770996
2004-08-05,1.8834716081619263
2004-08-06,1.8172187805175781
2004-08-09,1.7982892990112305
2004-08-10,1.8172187805175781
2004-08-11,1.7982892990112305
2004-08-12,1.8077540397644043
2004-08-13,1.8077540397644043
2004-08-16,1.8172187805175781
2004-08-17,1.8172187805175781
2004-08-18,1.7888247966766357
2004-08-19,1.826683521270752
2004-08-20,1.8172187805175781
2004-08-23,1.7982892990112305
2004-08-24,1.8361482620239258
2004-08-25,1.7982892990112305
2004-08-26,1.8172187805175781
2004-08-27,1.7982892990112305
2004-08-30,1.7982892990112305
2004-08-31,1.8172187805175781
2004-09-01,1.8172187805175781
2004-09-02,1.9024009704589844
2004-09-03,1.8456130027770996
2004-09-07,1.8361482620239258
2004-09-08,1.8361482620239258
2004-09-09,1.8550773859024048
2004-09-10,1.8456130027770996
2004-09-13,1.8456130027770996
2004-09-14,2.015977382659912
2004-09-15,2.025441884994507
2004-09-16,1.9781184196472168
2004-09-17,1.9781184196472168
2004-09-20,1.9781184196472168
2004-09-21,2.1295533180236816
2004-09-22,2.063300609588623
2004-09-23,2.1011593341827393
2004-09-24,2.110624313354492
2004-09-27,2.063300609588623
2004-09-28,2.0349068641662598
2004-09-29,2.0349068641662598
2004-09-30,2.0538361072540283
2004-10-01,2.14848256111145
2004-10-04,2.205270767211914
2004-10-05,2.441887617111206
2004-10-06,2.3283114433288574
2004-10-07,2.3850996494293213
2004-10-08,2.337775945663452
2004-10-11,2.404029130935669
2004-10-12,2.4702818393707275
2004-10-13,2.4608170986175537
2004-10-14,2.3661701679229736
2004-10-15,2.3850996494293213
2004-10-18,2.3661701679229736
2004-10-19,2.2715237140655518
2004-10-20,2.394564390182495
2004-10-21,2.792080879211426
2004-10-22,2.687969446182251
2004-10-25,2.782616376876831
2004-10-26,2.8015456199645996
2004-10-27,2.8110103607177734
2004-10-28,3.076021432876587
2004-10-29,3.03816294670105
2004-11-01,3.019233226776123
2004-11-02,3.1328094005584717
2004-11-03,3.2369210720062256
2004-11-04,3.217991590499878
2004-11-05,3.312638282775879
2004-11-08,3.407285451889038
2004-11-09,3.7669432163238525
2004-11-10,3.785872459411621
2004-11-11,3.889983892440796
2004-11-12,3.8331964015960693
2004-11-15,3.9183778762817383
2004-11-16,3.785872459411621
2004-11-17,3.757478713989258
2004-11-18,3.4735381603240967
2004-11-19,3.596578598022461
2004-11-22,3.73854923248291
2004-11-23,4.02249002456665
2004-11-24,4.90270471572876
2004-11-26,5.716667652130127
2004-11-29,5.148787021636963
2004-11-30,5.319150924682617
2004-12-01,5.338079929351807
2004-12-02,5.413796901702881
2004-12-03,5.328615665435791
2004-12-06,5.186645030975342
2004-12-07,4.732340335845947
2004-12-08,4.90270471572876
2004-12-09,5.413796901702881
2004-12-10,5.205574989318848
2004-12-13,5.536838054656982
2004-12-14,5.5463032722473145
2004-12-15,5.678808689117432
2004-12-16,6.133113384246826
2004-12-17,6.057395935058594
2004-12-20,6.019537925720215
2004-12-21,5.555768013000488
2004-12-22,5.375938892364502
2004-12-23,5.905961036682129
2004-12-27,6.237225532531738
2004-12-28,6.322406768798828
2004-12-29,6.256154537200928
2004-12-30,6.123648166656494
2004-12-31,6.265618801116943
2005-01-03,6.511700630187988
2005-01-04,6.152042865753174
2005-01-05,5.763990879058838
2005-01-06,5.9722137451171875
2005-01-07,5.801850318908691
2005-01-10,5.622020721435547
2005-01-11,5.252898216247559
2005-01-12,5.404333114624023
2005-01-13,5.896496295928955
2005-01-14,6.038466453552246
2005-01-18,6.511700630187988
2005-01-19,6.918682098388672
2005-01-20,6.8429646492004395
2005-01-21,6.60634708404541
2005-01-24,6.6442060470581055
2005-01-25,6.492771148681641
2005-01-26,6.748318195343018
2005-01-27,6.814570903778076
2005-01-28,7.145834445953369
2005-01-31,7.372986793518066
2005-02-01,7.656927585601807
2005-02-02,7.685321807861328
2005-02-03,7.543350696563721
2005-02-04,7.770503997802734
2005-02-07,7.798896789550781
2005-02-08,8.433032035827637
2005-02-09,8.395171165466309
2005-02-10,7.742110252380371
2005-02-11,7.4108452796936035
2005-02-14,8.224806785583496
2005-02-15,7.240481376647949
2005-02-16,7.732644081115723
2005-02-17,7.382452011108398
2005-02-18,7.335127353668213
2005-02-22,6.615812301635742
2005-02-23,6.549559593200684
2005-02-24,6.748318195343018
2005-02-25,6.63474178314209
2005-02-28,6.435983180999756
2005-03-01,6.549559593200684
2005-03-02,6.956541061401367
2005-03-03,7.193157196044922
2005-03-04,7.098511695861816
2005-03-07,7.1836934089660645
2005-03-08,6.899752616882324
2005-03-09,6.63474178314209
2005-03-10,6.928147315979004
2005-03-11,6.9376115798950195
2005-03-14,6.975470066070557
2005-03-15,6.748318195343018
2005-03-16,6.388660430908203
2005-03-17,5.9722137451171875
2005-03-18,6.3129425048828125
2005-03-21,6.435983180999756
2005-03-22,6.208830833435059
2005-03-23,6.2277607917785645
2005-03-24,6.208830833435059
2005-03-28,6.3697309494018555
2005-03-29,6.152042865753174
2005-03-30,6.114184379577637
2005-03-31,5.943820476531982
2005-04-01,5.868102550506592
2005-04-04,6.019537925720215
2005-04-05,5.915426254272461
2005-04-06,6.189901828765869
2005-04-07,6.511700630187988
2005-04-08,6.918682098388672
2005-04-11,6.9849348068237305
2005-04-12,6.890288352966309
2005-04-13,6.776711463928223
2005-04-14,6.530630588531494
2005-04-15,6.294013023376465
2005-04-18,5.792385578155518
2005-04-19,6.123648166656494
2005-04-20,6.379195690155029
2005-04-21,6.625276565551758
2005-04-22,6.502236366271973
2005-04-25,6.398124694824219
2005-04-26,6.691529750823975
2005-04-27,6.786177158355713
2005-04-28,6.814570903778076
2005-04-29,6.814570903778076
2005-05-02,7.155299186706543
2005-05-03,7.505491733551025
2005-05-04,7.619068145751953
2005-05-05,7.666392803192139
2005-05-06,7.704250335693359
2005-05-09,7.8651509284973145
2005-05-10,8.016586303710938
2005-05-11,8.546606063842773
2005-05-12,8.120695114135742
2005-05-13,8.13016128540039
2005-05-16,8.357314109802246
2005-05-17,8.669648170471191
2005-05-18,8.660183906555176
2005-05-19,8.660183906555176
2005-05-20,8.735899925231934
2005-05-23,8.906264305114746
2005-05-24,8.906264305114746
2005-05-25,9.27538776397705
2005-05-26,9.777015686035156
2005-05-27,9.653973579406738
2005-05-31,9.426823616027832
2005-06-01,8.707507133483887
2005-06-02,8.944124221801758
2005-06-03,8.925193786621094
2005-06-06,9.209135055541992
2005-06-07,9.455217361450195
2005-06-08,9.332175254821777
2005-06-09,9.370034217834473
2005-06-10,9.237529754638672
2005-06-13,9.644509315490723
2005-06-14,9.69183349609375
2005-06-15,10.079885482788086
2005-06-16,9.937915802001953
2005-06-17,10.098814010620117
2005-06-20,10.325966835021973
2005-06-21,10.31650161743164
2005-06-22,10.032562255859375
2005-06-23,9.540398597717285
2005-06-24,9.407893180847168
2005-06-27,9.218598365783691
2005-06-28,9.464680671691895
2005-06-29,9.246993064880371
2005-06-30,9.180741310119629
2005-07-01,9.038771629333496
2005-07-05,9.398428916931152
2005-07-06,9.748621940612793
2005-07-07,9.606651306152344
2005-07-08,9.653973579406738
2005-07-11,10.04202651977539
2005-07-12,9.947380065917969
2005-07-13,9.521469116210938
2005-07-14,9.294316291809082
2005-07-15,9.31324577331543
2005-07-18,9.246993064880371
2005-07-19,9.540398597717285
2005-07-20,10.079885482788086
2005-07-21,10.449007987976074
2005-07-22,10.86545467376709
2005-07-25,10.553119659423828
2005-07-26,10.505796432495117
2005-07-27,10.193462371826172
2005-07-28,10.505796432495117
2005-07-29,11.073676109313965
2005-08-01,11.083142280578613
2005-08-02,10.941171646118164
2005-08-03,10.884384155273438
2005-08-04,10.7897367477417
2005-08-05,10.325966835021973
2005-08-08,10.439542770385742
2005-08-09,10.174532890319824
2005-08-10,9.975772857666016
2005-08-11,9.862198829650879
2005-08-12,9.549863815307617
2005-08-15,9.379500389099121
2005-08-16,9.180741310119629
2005-08-17,9.388964653015137
2005-08-18,9.493075370788574
2005-08-19,9.653973579406738
2005-08-22,9.729692459106445
2005-08-23,9.464680671691895
2005-08-24,9.474145889282227
2005-08-25,9.445752143859863
2005-08-26,9.332175254821777
2005-08-29,9.142882347106934
2005-08-30,9.294316291809082
2005-08-31,9.937915802001953
2005-09-01,9.739157676696777
2005-09-02,9.88112735748291
2005-09-06,9.388964653015137
2005-09-07,9.644509315490723
2005-09-08,9.530933380126953
2005-09-09,9.34164047241211
2005-09-12,9.417357444763184
2005-09-13,9.455217361450195
2005-09-14,9.332175254821777
2005-09-15,9.237529754638672
2005-09-16,9.218598365783691
2005-09-19,9.123953819274902
2005-09-20,8.489819526672363
2005-09-21,8.27213191986084
2005-09-22,8.281596183776855
2005-09-23,8.5939302444458
2005-09-26,8.84947681427002
2005-09-27,8.716972351074219
2005-09-28,8.527677536010742
2005-09-29,8.451960563659668
2005-09-30,8.584465026855469
2005-10-03,8.688578605651855
2005-10-04,8.565536499023438
2005-10-05,8.007121086120605
2005-10-06,7.391915798187256
2005-10-07,7.808362007141113
2005-10-10,7.855684757232666
2005-10-11,8.149089813232422
2005-10-12,7.874614238739014
2005-10-13,7.855684757232666
2005-10-14,8.309990882873535
2005-10-17,8.319456100463867
2005-10-18,8.291061401367188
2005-10-19,9.067166328430176
2005-10-20,10.051490783691406
2005-10-21,10.221855163574219
2005-10-24,10.411149978637695
2005-10-25,10.590977668762207
2005-10-26,10.657231330871582
2005-10-27,10.221855163574219
2005-10-28,9.767550468444824
2005-10-31,10.108280181884766
2005-11-01,10.127209663391113
2005-11-02,10.202925682067871
2005-11-03,10.553119659423828
2005-11-04,10.685625076293945
2005-11-07,10.628836631774902
2005-11-08,10.553119659423828
2005-11-09,10.609908103942871
2005-11-10,10.912778854370117
2005-11-11,11.357617378234863
2005-11-14,10.827593803405762
2005-11-15,10.56258487701416
2005-11-16,10.590977668762207
2005-11-17,11.111536026000977
2005-11-18,10.941171646118164
2005-11-21,11.026352882385254
2005-11-22,11.102071762084961
2005-11-23,11.111536026000977
2005-11-25,11.102071762084961
2005-11-28,10.780272483825684
2005-11-29,10.714018821716309
2005-11-30,10.676159858703613
2005-12-01,10.638301849365234
2005-12-02,10.449007987976074
2005-12-05,9.8338041305542
2005-12-06,9.625581741333008
2005-12-07,9.095558166503906
2005-12-08,9.19966983795166
2005-12-09,9.351103782653809
2005-12-12,9.426823616027832
2005-12-13,9.57825756072998
2005-12-14,9.748621940612793
2005-12-15,9.672904968261719
2005-12-16,9.370034217834473
2005-12-19,9.01037883758545
2005-12-20,9.256458282470703
2005-12-21,9.27538776397705
2005-12-22,9.27538776397705
2005-12-23,9.237529754638672
2005-12-27,9.067166328430176
2005-12-28,9.019841194152832
2005-12-29,9.322710990905762
2005-12-30,9.332175254821777
2006-01-03,9.521469116210938
2006-01-04,9.549863815307617
2006-01-05,9.644509315490723
2006-01-06,9.739157676696777
2006-01-09,10.032562255859375
2006-01-10,9.8338041305542
2006-01-11,9.80540943145752
2006-01-12,9.483611106872559
2006-01-13,9.597187042236328
2006-01-17,9.587721824645996
2006-01-18,9.246993064880371
2006-01-19,9.407893180847168
2006-01-20,9.048234939575195
2006-01-23,8.754830360412598
2006-01-24,9.029305458068848
2006-01-25,9.256458282470703
2006-01-26,10.127209663391113
2006-01-27,10.420614242553711
2006-01-30,10.174532890319824
2006-01-31,10.354361534118652
2006-02-01,10.221855163574219
2006-02-02,10.34489631652832
2006-02-03,10.45847225189209
2006-02-06,10.373290061950684
2006-02-07,10.04202651977539
2006-02-08,9.928450584411621
2006-02-09,9.568792343139648
2006-02-10,9.69183349609375
2006-02-13,9.455217361450195
2006-02-14,9.426823616027832
2006-02-15,9.464680671691895
2006-02-16,9.426823616027832
2006-02-17,9.105023384094238
2006-02-21,10.146138191223145
2006-02-22,10.21239185333252
2006-02-23,9.795947074890137
2006-02-24,9.587721824645996
2006-02-27,9.587721824645996
2006-02-28,9.455217361450195
2006-03-01,9.502540588378906
2006-03-02,9.767550468444824
2006-03-03,9.55932903289795
2006-03-06,9.15234661102295
2006-03-07,9.114489555358887
2006-03-08,8.906264305114746
2006-03-09,9.161812782287598
2006-03-10,9.038771629333496
2006-03-13,9.038771629333496
2006-03-14,9.076629638671875
2006-03-15,9.31324577331543
2006-03-16,9.246993064880371
2006-03-17,9.180741310119629
2006-03-20,9.265922546386719
2006-03-21,9.000911712646484
2006-03-22,8.76429557800293
2006-03-23,9.076629638671875
2006-03-24,8.89680004119873
2006-03-27,8.830547332763672
2006-03-28,8.584465026855469
2006-03-29,8.622323989868164
2006-03-30,7.903009414672852
2006-03-31,7.742110252380371
2006-04-03,7.354057312011719
2006-04-04,7.448704242706299
2006-04-05,7.8651509284973145
2006-04-06,8.565536499023438
2006-04-07,8.84001350402832
2006-04-10,9.34164047241211
2006-04-11,9.15234661102295
2006-04-12,9.048234939575195
2006-04-13,9.105023384094238
2006-04-17,8.716972351074219
2006-04-18,9.133417129516602
2006-04-19,9.067166328430176
2006-04-20,8.89680004119873
2006-04-21,8.641255378723145
2006-04-24,8.612859725952148
2006-04-25,8.489819526672363
2006-04-26,8.385708808898926
2006-04-27,8.518213272094727
2006-04-28,8.858941078186035
2006-05-01,8.537142753601074
2006-05-02,8.707507133483887
2006-05-03,8.98198127746582
2006-05-04,9.123953819274902
2006-05-05,9.01037883758545
2006-05-08,8.773760795593262
2006-05-09,8.556072235107422
2006-05-10,8.433032035827637
2006-05-11,7.9881911277771
2006-05-12,7.8840789794921875
2006-05-15,8.016586303710938
2006-05-16,8.319456100463867
2006-05-17,7.903009414672852
2006-05-18,7.761038303375244
2006-05-19,7.713715076446533
2006-05-22,7.7515740394592285
2006-05-23,7.798896789550781
2006-05-24,7.761038303375244
2006-05-25,8.035514831542969
2006-05-26,8.366778373718262
2006-05-30,8.073372840881348
2006-05-31,7.903009414672852
2006-06-01,8.111230850219727
2006-06-02,8.158555030822754
2006-06-05,7.675856113433838
2006-06-06,7.7515740394592285
2006-06-07,7.47709846496582
2006-06-08,7.571744918823242
2006-06-09,7.372986793518066
2006-06-12,6.928147315979004
2006-06-13,6.530630588531494
2006-06-14,6.79564094543457
2006-06-15,7.041722774505615
2006-06-16,6.682064056396484
2006-06-19,6.5968828201293945
2006-06-20,6.6442060470581055
2006-06-21,6.852428913116455
2006-06-22,7.060652256011963
2006-06-23,7.032258033752441
2006-06-26,7.032258033752441
2006-06-27,6.871358871459961
2006-06-28,6.625276565551758
2006-06-29,7.448704242706299
2006-06-30,7.903009414672852
2006-07-03,7.827291965484619
2006-07-05,7.903009414672852
2006-07-06,7.940869331359863
2006-07-07,7.5244221687316895
2006-07-10,7.543350696563721
2006-07-11,7.619068145751953
2006-07-12,7.47709846496582
2006-07-13,7.2783403396606445
2006-07-14,7.060652256011963
2006-07-17,6.880823135375977
2006-07-18,7.240481376647949
2006-07-19,7.647462368011475
2006-07-20,7.335127353668213
2006-07-21,7.164763927459717
2006-07-24,7.571744918823242
2006-07-25,7.761038303375244
2006-07-26,7.8840789794921875
2006-07-27,7.912473678588867
2006-07-28,7.959796905517578
2006-07-31,8.186949729919434
2006-08-01,8.243736267089844
2006-08-02,8.499283790588379
2006-08-03,8.537142753601074
2006-08-04,8.433032035827637
2006-08-07,8.65071964263916
2006-08-08,8.404637336730957
2006-08-09,8.168020248413086
2006-08-10,8.309990882873535
2006-08-11,8.196413040161133
2006-08-14,8.366778373718262
2006-08-15,8.518213272094727
2006-08-16,8.518213272094727
2006-08-17,8.385708808898926
2006-08-18,8.433032035827637
2006-08-21,8.461423873901367
2006-08-22,8.366778373718262
2006-08-23,8.281596183776855
2006-08-24,8.196413040161133
2006-08-25,8.328920364379883
2006-08-28,8.395171165466309
2006-08-29,8.442497253417969
2006-08-30,8.508749008178711
2006-08-31,8.518213272094727
2006-09-01,8.281596183776855
2006-09-05,8.177483558654785
2006-09-06,7.912473678588867
2006-09-07,7.761038303375244
2006-09-08,8.13016128540039
2006-09-11,8.177483558654785
2006-09-12,8.612859725952148
2006-09-13,8.783224105834961
2006-09-14,8.63178825378418
2006-09-15,8.669648170471191
2006-09-18,8.622323989868164
2006-09-19,8.745365142822266
2006-09-20,9.029305458068848
2006-09-21,9.038771629333496
2006-09-22,8.858941078186035
2006-09-25,9.31324577331543
2006-09-26,9.521469116210938
2006-09-27,9.398428916931152
2006-09-28,10.04202651977539
2006-09-29,9.80540943145752
2006-10-02,9.493075370788574
2006-10-03,9.426823616027832
2006-10-04,9.862198829650879
2006-10-05,10.183998107910156
2006-10-06,10.136674880981445
2006-10-09,10.136674880981445
2006-10-10,10.136674880981445
2006-10-11,10.070420265197754
2006-10-12,10.250250816345215
2006-10-13,10.307039260864258
2006-10-16,10.363826751708984
2006-10-17,10.363826751708984
2006-10-18,10.25971508026123
2006-10-19,10.240785598754883
2006-10-20,10.21239185333252
2006-10-23,10.127209663391113
2006-10-24,10.060956954956055
2006-10-25,10.070420265197754
2006-10-26,11.395475387573242
2006-10-27,10.931708335876465
2006-10-30,10.808666229248047
2006-10-31,10.969566345214844
2006-11-01,10.742413520812988
2006-11-02,10.742413520812988
2006-11-03,10.761343002319336
2006-11-06,11.291364669799805
2006-11-07,11.57530403137207
2006-11-08,11.669952392578125
2006-11-09,11.253507614135742
2006-11-10,11.149394035339355
2006-11-13,11.357617378234863
2006-11-14,11.348153114318848
2006-11-15,11.452264785766602
2006-11-16,11.395475387573242
2006-11-17,11.158859252929688
2006-11-20,10.922242164611816
2006-11-21,11.035820007324219
2006-11-22,10.780272483825684
2006-11-24,10.837059020996094
2006-11-27,10.240785598754883
2006-11-28,10.51526165008545
2006-11-29,10.837059020996094
2006-11-30,11.139928817749023
2006-12-01,11.149394035339355
2006-12-04,11.556374549865723
2006-12-05,11.509051322937012
2006-12-06,11.57530403137207
2006-12-07,11.27243423461914
2006-12-08,11.253507614135742
2006-12-11,11.234578132629395
2006-12-12,11.281901359558105
2006-12-13,11.357617378234863
2006-12-14,11.281901359558105
2006-12-15,11.158859252929688
2006-12-18,10.827593803405762
2006-12-19,10.86545467376709
2006-12-20,10.922242164611816
2006-12-21,10.780272483825684
2006-12-22,10.7897367477417
2006-12-26,10.855990409851074
2006-12-27,10.941171646118164
2006-12-28,11.433335304260254
2006-12-29,11.21564769744873
2007-01-03,11.3292236328125
2007-01-04,12.266226768493652
2007-01-05,12.93821907043457
2007-01-08,13.761646270751953
2007-01-09,13.439847946166992
2007-01-10,14.168627738952637
2007-01-11,14.95419692993164
2007-01-12,14.49989128112793
2007-01-16,14.689186096191406
2007-01-17,14.992055892944336
2007-01-18,14.802762031555176
2007-01-19,13.742717742919922
2007-01-22,13.21269416809082
2007-01-23,13.827899932861328
2007-01-24,13.97933578491211
2007-01-25,13.411453247070312
2007-01-26,13.723787307739258
2007-01-29,13.941474914550781
2007-01-30,14.073981285095215
2007-01-31,13.913082122802734
2007-02-01,14.755438804626465
2007-02-02,14.869014739990234
2007-02-05,14.812226295471191
2007-02-06,14.121304512023926
2007-02-07,14.338991165161133
2007-02-08,14.27273941040039
2007-02-09,14.092910766601562
2007-02-12,14.168627738952637
2007-02-13,13.99826431274414
2007-02-14,14.187557220458984
2007-02-15,14.197023391723633
2007-02-16,14.320063591003418
2007-02-20,17.462337493896484
2007-02-21,17.358224868774414
2007-02-22,17.85985565185547
2007-02-23,17.32036781311035
2007-02-26,17.036426544189453
2007-02-27,16.525333404541016
2007-02-28,16.64837646484375
2007-03-01,16.184606552124023
2007-03-02,15.711369514465332
2007-03-05,15.029914855957031
2007-03-06,16.08049201965332
2007-03-07,15.910130500793457
2007-03-08,16.222461700439453
2007-03-09,16.04263687133789
2007-03-12,16.184606552124023
2007-03-13,15.559935569763184
2007-03-14,15.626189231872559
2007-03-15,15.626189231872559
2007-03-16,15.541007995605469
2007-03-19,15.910130500793457
2007-03-20,16.913387298583984
2007-03-21,17.055355072021484
2007-03-22,16.922847747802734
2007-03-23,16.970172882080078
2007-03-26,17.51912498474121
2007-03-27,17.310903549194336
2007-03-28,17.39608383178711
2007-03-29,16.799808502197266
2007-03-30,16.913387298583984
2007-04-02,16.77141761779785
2007-04-03,17.689489364624023
2007-04-04,18.077543258666992
2007-04-05,18.0207576751709
2007-04-09,17.026962280273438
2007-04-10,17.017498016357422
2007-04-11,16.752487182617188
2007-04-12,16.866064071655273
2007-04-13,16.9417781829834
2007-04-16,17.026962280273438
2007-04-17,16.960708618164062
2007-04-18,16.66730308532715
2007-04-19,16.26032257080078
2007-04-20,16.449613571166992
2007-04-23,16.582122802734375
2007-04-24,16.61998176574707
2007-04-25,16.714628219604492
2007-04-26,21.219816207885742
2007-04-27,21.096776962280273
2007-04-30,20.244953155517578
2007-05-01,20.178699493408203
2007-05-02,20.481571197509766
2007-05-03,20.244953155517578
2007-05-04,20.254419326782227
2007-05-07,21.588937759399414
2007-05-08,21.1724910736084
2007-05-09,20.481571197509766
2007-05-10,20.178699493408203
2007-05-11,20.576217651367188
2007-05-14,19.979944229125977
2007-05-15,20.017799377441406
2007-05-16,20.472103118896484
2007-05-17,19.837970733642578
2007-05-18,19.307947158813477
2007-05-21,20.12191390991211
2007-05-22,20.18816566467285
2007-05-23,19.48777961730957
2007-05-24,18.82525062561035
2007-05-25,19.847436904907227
2007-05-29,20.27334976196289
2007-05-30,20.405851364135742
2007-05-31,21.55108070373535
2007-06-01,21.929664611816406
2007-06-04,21.73090934753418
2007-06-05,22.071640014648438
2007-06-06,21.636262893676758
2007-06-07,21.181955337524414
2007-06-08,21.0305233001709
2007-06-11,20.888553619384766
2007-06-12,20.434246063232422
2007-06-13,21.494291305541992
2007-06-14,20.82229995727539
2007-06-15,21.314462661743164
2007-06-18,21.27660369873047
2007-06-19,21.882343292236328
2007-06-20,20.90747833251953
2007-06-21,21.00213050842285
2007-06-22,20.254419326782227
2007-06-25,20.699260711669922
2007-06-26,19.837970733642578
2007-06-27,21.484827041625977
2007-06-28,21.778230667114258
2007-06-29,21.54161262512207
2007-07-02,21.882343292236328
2007-07-03,21.844484329223633
2007-07-05,22.185213088989258
2007-07-06,23.226329803466797
2007-07-09,23.4913387298584
2007-07-10,22.3745059967041
2007-07-11,22.365041732788086
2007-07-12,22.8004207611084
2007-07-13,22.772022247314453
2007-07-16,23.122217178344727
2007-07-17,24.485132217407227
2007-07-18,24.210657119750977
2007-07-19,24.314767837524414
2007-07-20,23.718490600585938
2007-07-23,23.7374210357666
2007-07-24,22.98971176147461
2007-07-25,22.2325382232666
2007-07-26,25.043546676635742
2007-07-27,24.96782875061035
2007-07-30,26.42538833618164
2007-07-31,25.053010940551758
2007-08-01,25.554641723632812
2007-08-02,26.482177734375
2007-08-03,27.220422744750977
2007-08-06,27.608474731445312
2007-08-07,29.349977493286133
2007-08-08,29.974645614624023
2007-08-09,30.277517318725586
2007-08-10,28.659055709838867
2007-08-13,28.17635726928711
2007-08-14,26.113054275512695
2007-08-15,25.980552673339844
2007-08-16,25.5262451171875
2007-08-17,26.321279525756836
2007-08-20,27.69365882873535
2007-08-21,28.394046783447266
2007-08-22,29.2080078125
2007-08-23,29.444623947143555
2007-08-24,29.614988327026367
2007-08-27,29.302654266357422
2007-08-28,28.072242736816406
2007-08-29,29.321582794189453
2007-08-30,28.914602279663086
2007-08-31,29.643381118774414
2007-09-04,32.08527374267578
2007-09-05,32.8708381652832
2007-09-06,31.94329833984375
2007-09-07,30.618244171142578
2007-09-10,32.32189178466797
2007-09-11,31.64989471435547
2007-09-12,31.186126708984375
2007-09-13,31.16719627380371
2007-09-14,30.949506759643555
2007-09-17,30.637170791625977
2007-09-18,32.558509826660156
2007-09-19,35.284332275390625
2007-09-20,32.426002502441406
2007-09-21,32.70993423461914
2007-09-24,33.10745620727539
2007-09-25,33.05066680908203
2007-09-26,33.08852767944336
2007-09-27,34.10124588012695
2007-09-28,33.4197883605957
2007-10-01,35.09504318237305
2007-10-02,36.363304138183594
2007-10-03,35.55880355834961
2007-10-04,35.83328628540039
2007-10-05,36.713504791259766
2007-10-08,38.436073303222656
2007-10-09,39.571834564208984
2007-10-10,39.855770111083984
2007-10-11,37.896583557128906
2007-10-12,39.77059555053711
2007-10-15,40.65080261230469
2007-10-16,40.61294937133789
2007-10-17,40.17757797241211
2007-10-18,38.54018020629883
2007-10-19,35.549346923828125
2007-10-22,37.02583312988281
2007-10-23,38.41714096069336
2007-10-24,37.442283630371094
2007-10-25,24.731212615966797
2007-10-26,23.67116928100586
2007-10-29,23.94564437866211
2007-10-30,25.980552673339844
2007-10-31,25.02461814880371
2007-11-01,23.642772674560547
2007-11-02,23.21686363220215
2007-11-05,21.797163009643555
2007-11-06,21.74983787536621
2007-11-07,20.35852813720703
2007-11-08,19.478315353393555
2007-11-09,18.588632583618164
2007-11-12,21.295534133911133
2007-11-13,21.872879028320312
2007-11-14,20.926410675048828
2007-11-15,20.169233322143555
2007-11-16,20.131378173828125
2007-11-19,20.95480728149414
2007-11-20,20.00833511352539
2007-11-21,19.998872756958008
2007-11-23,20.074586868286133
2007-11-26,19.875831604003906
2007-11-27,20.547822952270508
2007-11-28,21.797163009643555
2007-11-29,21.03998374938965
2007-11-30,21.238744735717773
2007-12-03,20.983200073242188
2007-12-04,21.86341667175293
2007-12-05,22.412364959716797
2007-12-06,23.093822479248047
2007-12-07,23.983501434326172
2007-12-10,23.964574813842773
2007-12-11,24.409414291381836
2007-12-12,25.119266510009766
2007-12-13,24.26744270324707
2007-12-14,23.955108642578125
2007-12-17,22.601659774780273
2007-12-18,23.472410202026367
2007-12-19,23.3304386138916
2007-12-20,23.690099716186523
2007-12-21,24.958364486694336
2007-12-24,26.756656646728516
2007-12-26,27.068986892700195
2007-12-27,26.169843673706055
2007-12-28,26.718795776367188
2007-12-31,26.42538833618164
2008-01-02,26.00894546508789
2008-01-03,25.5262451171875
2008-01-04,23.46294593811035
2008-01-07,21.617332458496094
2008-01-08,21.844484329223633
2008-01-09,20.72765350341797
2008-01-10,19.74332618713379
2008-01-11,19.68653678894043
2008-01-14,20.51943016052246
2008-01-15,19.03347396850586
2008-01-16,18.10593605041504
2008-01-17,16.724090576171875
2008-01-18,16.572656631469727
2008-01-22,16.08049201965332
2008-01-23,16.468544006347656
2008-01-24,18.427732467651367
2008-01-25,18.333086013793945
2008-01-28,18.50345230102539
2008-01-29,18.030216217041016
2008-01-30,17.642166137695312
2008-01-31,17.95450210571289
2008-02-01,18.01129150390625
2008-02-04,17.1878604888916
2008-02-05,16.241390228271484
2008-02-06,16.0899600982666
2008-02-07,15.99531078338623
2008-02-08,16.071029663085938
2008-02-11,16.440153121948242
2008-02-12,16.2508602142334
2008-02-13,17.055355072021484
2008-02-14,16.68623161315918
2008-02-15,16.572656631469727
2008-02-19,17.4528751373291
2008-02-20,17.29197120666504
2008-02-21,10.780272483825684
2008-02-22,10.7897367477417
2008-02-25,10.7897367477417
2008-02-26,10.855990409851074
2008-02-27,11.461729049682617
2008-02-28,11.073676109313965
2008-02-29,10.467937469482422
2008-03-03,10.04202651977539
2008-03-04,9.871663093566895
2008-03-05,10.95063591003418
2008-03-06,11.045283317565918
2008-03-07,10.373290061950684
2008-03-10,10.51526165008545
2008-03-11,11.120999336242676
2008-03-12,10.855990409851074
2008-03-13,11.319759368896484
2008-03-14,11.035820007324219
2008-03-17,10.884384155273438
2008-03-18,11.774063110351562
2008-03-19,11.395475387573242
2008-03-20,11.59423542022705
2008-03-24,13.004472732543945
2008-03-25,13.572354316711426
2008-03-26,13.373594284057617
2008-03-27,13.231624603271484
2008-03-28,13.004472732543945
2008-03-31,12.947684288024902
2008-04-01,13.496636390686035
2008-04-02,13.430381774902344
2008-04-03,13.458778381347656
2008-04-04,14.017192840576172
2008-04-07,13.742717742919922
2008-04-08,13.657535552978516
2008-04-09,12.995006561279297
2008-04-10,13.553422927856445
2008-04-11,12.663743019104004
2008-04-14,12.578560829162598
2008-04-15,12.218903541564941
2008-04-16,12.616419792175293
2008-04-17,12.947684288024902
2008-04-18,13.695394515991211
2008-04-21,13.742717742919922
2008-04-22,13.15590763092041
2008-04-23,13.089653968811035
2008-04-24,9.80540943145752
2008-04-25,9.190206527709961
2008-04-28,9.332175254821777
2008-04-29,9.474145889282227
2008-04-30,9.549863815307617
2008-05-01,9.672904968261719
2008-05-02,9.55932903289795
2008-05-05,9.502540588378906
2008-05-06,9.625581741333008
2008-05-07,10.240785598754883
2008-05-08,10.231322288513184
2008-05-09,10.638301849365234
2008-05-12,10.827593803405762
2008-05-13,11.244041442871094
2008-05-14,11.291364669799805
2008-05-15,11.404942512512207
2008-05-16,11.139928817749023
2008-05-19,11.016888618469238
2008-05-20,10.99795913696289
2008-05-21,10.600443840026855
2008-05-22,10.751877784729004
2008-05-23,10.51526165008545
2008-05-27,10.846525192260742
2008-05-28,10.941171646118164
2008-05-29,11.225111961364746
2008-05-30,12.266226768493652
2008-06-02,11.972822189331055
2008-06-03,11.972822189331055
2008-06-04,11.982287406921387
2008-06-05,12.512309074401855
2008-06-06,11.811922073364258
2008-06-09,11.291364669799805
2008-06-10,11.47119426727295
2008-06-11,10.874918937683105
2008-06-12,10.912778854370117
2008-06-13,11.319759368896484
2008-06-16,11.253507614135742
2008-06-17,11.206182479858398
2008-06-18,10.941171646118164
2008-06-19,11.120999336242676
2008-06-20,10.808666229248047
2008-06-23,10.666696548461914
2008-06-24,10.439542770385742
2008-06-25,10.676159858703613
2008-06-26,10.26917839050293
2008-06-27,10.117743492126465
2008-06-30,9.966309547424316
2008-07-01,10.221855163574219
2008-07-02,10.089349746704102
2008-07-03,9.682368278503418
2008-07-07,9.682368278503418
2008-07-08,10.013633728027344
2008-07-09,9.985239028930664
2008-07-10,10.183998107910156
2008-07-11,10.449007987976074
2008-07-14,9.985239028930664
2008-07-15,10.136674880981445
2008-07-16,10.761343002319336
2008-07-17,10.988495826721191
2008-07-18,11.234578132629395
2008-07-21,11.130465507507324
2008-07-22,10.969566345214844
2008-07-23,10.86545467376709
2008-07-24,12.682673454284668
2008-07-25,12.578560829162598
2008-07-28,12.966612815856934
2008-07-29,13.297877311706543
2008-07-30,13.38305950164795
2008-07-31,12.947684288024902
2008-08-01,12.83410930633545
2008-08-04,12.55016803741455
2008-08-05,12.786785125732422
2008-08-06,12.796249389648438
2008-08-07,12.474451065063477
2008-08-08,12.379803657531738
2008-08-11,12.540702819824219
2008-08-12,12.786785125732422
2008-08-13,13.089653968811035
2008-08-14,13.089653968811035
2008-08-15,13.250553131103516
2008-08-18,12.86250114440918
2008-08-19,12.540702819824219
2008-08-20,12.635350227355957
2008-08-21,12.644813537597656
2008-08-22,13.032866477966309
2008-08-25,12.436591148376465
2008-08-26,12.464984893798828
2008-08-27,12.644813537597656
2008-08-28,13.032866477966309
2008-08-29,13.08018970489502
2008-09-02,12.947684288024902
2008-09-03,12.957149505615234
2008-09-04,12.370338439941406
2008-09-05,12.190508842468262
2008-09-08,12.247296333312988
2008-09-09,11.944427490234375
2008-09-10,12.010680198669434
2008-09-11,12.266226768493652
2008-09-12,11.972822189331055
2008-09-15,11.281901359558105
2008-09-16,11.764598846435547
2008-09-17,11.035820007324219
2008-09-18,11.726739883422852
2008-09-19,12.304085731506348
2008-09-22,11.414405822753906
2008-09-23,10.808666229248047
2008-09-24,10.47740364074707
2008-09-25,10.666696548461914
2008-09-26,10.770806312561035
2008-09-29,9.464680671691895
2008-09-30,9.80540943145752
2008-10-01,9.455217361450195
2008-10-02,8.669648170471191
2008-10-03,8.196413040161133
2008-10-06,7.47709846496582
2008-10-07,6.824034690856934
2008-10-08,6.805105686187744
2008-10-09,6.284548282623291
2008-10-10,6.615812301635742
2008-10-13,7.514957427978516
2008-10-14,7.174228668212891
2008-10-15,6.284548282623291
2008-10-16,6.719923973083496
2008-10-17,6.568488597869873
2008-10-20,7.193157196044922
2008-10-21,6.9849348068237305
2008-10-22,7.089046478271484
2008-10-23,9.294316291809082
2008-10-24,8.679112434387207
2008-10-27,8.537142753601074
2008-10-28,9.69183349609375
2008-10-29,9.795947074890137
2008-10-30,10.373290061950684
2008-10-31,10.72348403930664
2008-11-03,10.808666229248047
2008-11-04,11.035820007324219
2008-11-05,10.183998107910156
2008-11-06,9.824338912963867
2008-11-07,10.165068626403809
2008-11-10,9.937915802001953
2008-11-11,9.530933380126953
2008-11-12,9.038771629333496
2008-11-13,9.57825756072998
2008-11-14,9.038771629333496
2008-11-17,8.915729522705078
2008-11-18,8.707507133483887
2008-11-19,8.234272003173828
2008-11-20,7.950332164764404
2008-11-21,8.802152633666992
2008-11-24,9.672904968261719
2008-11-25,10.098814010620117
2008-11-26,9.824338912963867
2008-11-28,9.88112735748291
2008-12-01,9.019841194152832
2008-12-02,8.754830360412598
2008-12-03,8.754830360412598
2008-12-04,8.120695114135742
2008-12-05,8.868407249450684
2008-12-08,9.31324577331543
2008-12-09,9.038771629333496
2008-12-10,9.15234661102295
2008-12-11,8.783224105834961
2008-12-12,8.802152633666992
2008-12-15,8.679112434387207
2008-12-16,9.322710990905762
2008-12-17,9.597187042236328
2008-12-18,9.606651306152344
2008-12-19,9.80540943145752
2008-12-22,9.294316291809082
2008-12-23,8.991448402404785
2008-12-24,9.209135055541992
2008-12-26,9.000911712646484
2008-12-29,9.256458282470703
2008-12-30,9.455217361450195
2008-12-31,9.777015686035156
2009-01-02,9.843268394470215
2009-01-05,9.786480903625488
2009-01-06,8.347847938537598
2009-01-07,7.912473678588867
2009-01-08,8.092303276062012
2009-01-09,7.817827224731445
2009-01-12,7.391915798187256
2009-01-13,7.372986793518066
2009-01-14,7.003864765167236
2009-01-15,7.051187038421631
2009-01-16,6.748318195343018
2009-01-20,6.3129425048828125
2009-01-21,6.672600746154785
2009-01-22,6.398124694824219
2009-01-23,6.208830833435059
2009-01-26,6.435983180999756
2009-01-27,6.435983180999756
2009-01-28,6.511700630187988
2009-01-29,6.54009485244751
2009-01-30,6.417054653167725
2009-02-02,6.511700630187988
2009-02-03,6.549559593200684
2009-02-04,6.587418556213379
2009-02-05,7.051187038421631
2009-02-06,7.496027946472168
2009-02-09,7.107975959777832
2009-02-10,6.663136005401611
2009-02-11,6.748318195343018
2009-02-12,6.966005802154541
2009-02-13,6.814570903778076
2009-02-17,6.066860675811768
2009-02-18,5.953284740447998
2009-02-19,4.240177154541016
2009-02-20,4.968957901000977
2009-02-23,4.685017108917236
2009-02-24,4.808058261871338
2009-02-25,4.770199298858643
2009-02-26,4.685017108917236
2009-02-27,4.675551891326904
2009-03-02,4.278036117553711
2009-03-03,3.8994483947753906
2009-03-04,4.02249002456665
2009-03-05,3.795337200164795
2009-03-06,3.8710551261901855
2009-03-09,3.691226005554199
2009-03-10,4.079277515411377
2009-03-11,3.9657013416290283
2009-03-12,4.2496418952941895
2009-03-13,4.42000675201416
2009-03-16,4.5430474281311035
2009-03-17,4.732340335845947
2009-03-18,4.685017108917236
2009-03-19,4.628229141235352
2009-03-20,4.675551891326904
2009-03-23,5.300221920013428
2009-03-24,5.2150397300720215
2009-03-25,5.536838054656982
2009-03-26,5.820778846740723
2009-03-27,5.508444309234619
2009-03-30,5.442192077636719
2009-03-31,5.461121082305908
2009-04-01,5.631485462188721
2009-04-02,5.83970832824707
2009-04-03,6.010072708129883
2009-04-06,5.93435525894165
2009-04-07,5.697737693786621
2009-04-08,6.123648166656494
2009-04-09,6.549559593200684
2009-04-13,6.17097282409668
2009-04-14,5.9722137451171875
2009-04-15,6.152042865753174
2009-04-16,6.587418556213379
2009-04-17,6.852428913116455
2009-04-20,6.388660430908203
2009-04-21,6.615812301635742
2009-04-22,6.256154537200928
2009-04-23,6.521164894104004
2009-04-24,6.42651891708374
2009-04-27,6.379195690155029
2009-04-28,6.521164894104004
2009-04-29,6.729389190673828
2009-04-30,6.549559593200684
2009-05-01,6.511700630187988
2009-05-04,6.521164894104004
2009-05-05,6.407588958740234
2009-05-06,6.388660430908203
2009-05-07,6.189901828765869
2009-05-08,6.360266208648682
2009-05-11,6.350801467895508
2009-05-12,6.350801467895508
2009-05-13,6.010072708129883
2009-05-14,6.246689319610596
2009-05-15,6.379195690155029
2009-05-18,6.6442060470581055
2009-05-19,6.814570903778076
2009-05-20,6.918682098388672
2009-05-21,6.5968828201293945
2009-05-22,6.6442060470581055
2009-05-26,7.041722774505615
2009-05-27,6.928147315979004
2009-05-28,7.051187038421631
2009-05-29,7.013329029083252
2009-06-01,7.47709846496582
2009-06-02,7.893545150756836
2009-06-03,7.761038303375244
2009-06-04,7.770503997802734
2009-06-05,7.675856113433838
2009-06-08,7.505491733551025
2009-06-09,7.467634201049805
2009-06-10,7.3256635665893555
2009-06-11,7.259410381317139
2009-06-12,7.429774761199951
2009-06-15,7.089046478271484
2009-06-16,6.805105686187744
2009-06-17,6.975470066070557
2009-06-18,6.9376115798950195
2009-06-19,7.003864765167236
2009-06-22,6.454913139343262
2009-06-23,6.587418556213379
2009-06-24,6.559023857116699
2009-06-25,6.672600746154785
2009-06-26,6.928147315979004
2009-06-29,6.947076320648193
2009-06-30,6.918682098388672
2009-07-01,7.0701165199279785
2009-07-02,6.861893653869629
2009-07-06,6.956541061401367
2009-07-07,6.786177158355713
2009-07-08,6.672600746154785
2009-07-09,6.682064056396484
2009-07-10,6.899752616882324
2009-07-13,7.212087154388428
2009-07-14,7.098511695861816
2009-07-15,7.3256635665893555
2009-07-16,7.713715076446533
2009-07-17,7.420309543609619
2009-07-20,7.647462368011475
2009-07-21,7.874614238739014
2009-07-22,7.903009414672852
2009-07-23,7.297269821166992
2009-07-24,7.145834445953369
2009-07-27,7.079581260681152
2009-07-28,7.0701165199279785
2009-07-29,7.060652256011963
2009-07-30,7.0701165199279785
2009-07-31,7.098511695861816
2009-08-03,7.089046478271484
2009-08-04,7.079581260681152
2009-08-05,7.079581260681152
2009-08-06,7.136369705200195
2009-08-07,7.391915798187256
2009-08-10,7.505491733551025
2009-08-11,7.363522052764893
2009-08-12,7.637998104095459
2009-08-13,7.732644081115723
2009-08-14,7.486562728881836
2009-08-17,7.249945640563965
2009-08-18,7.514957427978516
2009-08-19,7.656927585601807
2009-08-20,7.903009414672852
2009-08-21,7.997655391693115
2009-08-24,7.9881911277771
2009-08-25,8.205879211425781
2009-08-26,8.338385581970215
2009-08-27,8.253202438354492
2009-08-28,8.168020248413086
2009-08-31,8.196413040161133
2009-09-01,7.47709846496582
2009-09-02,7.496027946472168
2009-09-03,7.600139141082764
2009-09-04,7.817827224731445
2009-09-08,7.874614238739014
2009-09-09,7.997655391693115
2009-09-10,7.903009414672852
2009-09-11,7.8651509284973145
2009-09-14,7.798896789550781
2009-09-15,7.779967784881592
2009-09-16,7.761038303375244
2009-09-17,7.7515740394592285
2009-09-18,7.761038303375244
2009-09-21,7.723179817199707
2009-09-22,7.694786548614502
2009-09-23,7.704250335693359
2009-09-24,7.552816390991211
2009-09-25,7.47709846496582
2009-09-28,7.562280178070068
2009-09-29,7.372986793518066
2009-09-30,7.022793292999268
2009-10-01,7.079581260681152
2009-10-02,7.098511695861816
2009-10-05,7.0701165199279785
2009-10-06,7.297269821166992
2009-10-07,7.221551895141602
2009-10-08,7.344593048095703
2009-10-09,7.382452011108398
2009-10-12,7.363522052764893
2009-10-13,7.372986793518066
2009-10-14,7.496027946472168
2009-10-15,7.429774761199951
2009-10-16,7.259410381317139
2009-10-19,7.1836934089660645
2009-10-20,6.852428913116455
2009-10-21,6.918682098388672
2009-10-22,7.136369705200195
2009-10-23,7.174228668212891
2009-10-26,6.719923973083496
2009-10-27,6.085790157318115
2009-10-28,5.801850318908691
2009-10-29,5.943820476531982
2009-10-30,5.754525661468506
2009-11-02,5.801850318908691
2009-11-03,5.849173069000244
2009-11-04,5.697737693786621
2009-11-05,5.811314582824707
2009-11-06,5.726132392883301
2009-11-09,5.896496295928955
2009-11-10,5.83970832824707
2009-11-11,5.83970832824707
2009-11-12,5.622020721435547
2009-11-13,5.801850318908691
2009-11-16,6.085790157318115
2009-11-17,6.142578125
2009-11-18,6.199367046356201
2009-11-19,6.208830833435059
2009-11-20,6.180437088012695
2009-11-23,6.435983180999756
2009-11-24,6.398124694824219
2009-11-25,6.3697309494018555
2009-11-27,6.275084018707275
2009-11-30,6.2277607917785645
2009-12-01,6.483306407928467
2009-12-02,6.502236366271973
2009-12-03,6.246689319610596
2009-12-04,6.350801467895508
2009-12-07,6.246689319610596
2009-12-08,5.962749004364014
2009-12-09,5.896496295928955
2009-12-10,5.830244064331055
2009-12-11,5.887031555175781
2009-12-14,5.896496295928955
2009-12-15,5.943820476531982
2009-12-16,6.010072708129883
2009-12-17,5.811314582824707
2009-12-18,5.763990879058838
2009-12-21,5.858638286590576
2009-12-22,5.905961036682129
2009-12-23,6.123648166656494
2009-12-24,6.218295574188232
2009-12-28,6.407588958740234
2009-12-29,6.350801467895508
2009-12-30,6.199367046356201
2009-12-31,5.943820476531982
2010-01-04,6.218295574188232
2010-01-05,6.0290021896362305
2010-01-06,5.991143703460693
2010-01-07,6.019537925720215
2010-01-08,6.152042865753174
2010-01-11,6.700994491577148
2010-01-12,6.8429646492004395
2010-01-13,7.051187038421631
2010-01-14,7.1174397468566895
2010-01-15,6.947076320648193
2010-01-19,7.221551895141602
2010-01-20,7.401381015777588
2010-01-21,7.656927585601807
2010-01-22,7.581209659576416
2010-01-25,7.59067440032959
2010-01-26,7.552816390991211
2010-01-27,7.770503997802734
2010-01-28,7.59067440032959
2010-01-29,7.5244221687316895
2010-02-01,7.543350696563721
2010-02-02,7.571744918823242
2010-02-03,7.647462368011475
2010-02-04,7.581209659576416
2010-02-05,7.7515740394592285
2010-02-08,7.8651509284973145
2010-02-09,7.997655391693115
2010-02-10,7.8651509284973145
2010-02-11,8.007121086120605
2010-02-12,7.950332164764404
2010-02-16,7.846220016479492
2010-02-17,8.262666702270508
2010-02-18,7.571744918823242
2010-02-19,7.533886432647705
2010-02-22,7.4108452796936035
2010-02-23,7.1174397468566895
2010-02-24,7.259410381317139
2010-02-25,7.372986793518066
2010-02-26,7.496027946472168
2010-03-01,7.420309543609619
2010-03-02,7.372986793518066
2010-03-03,7.2783403396606445
2010-03-04,7.155299186706543
2010-03-05,7.354057312011719
2010-03-08,7.372986793518066
2010-03-09,7.496027946472168
2010-03-10,7.969263076782227
2010-03-11,8.414101600646973
2010-03-12,8.224806785583496
2010-03-15,8.149089813232422
2010-03-16,8.186949729919434
2010-03-17,8.186949729919434
2010-03-18,8.158555030822754
2010-03-19,8.186949729919434
2010-03-22,8.196413040161133
2010-03-23,8.281596183776855
2010-03-24,8.281596183776855
2010-03-25,8.376243591308594
2010-03-26,8.168020248413086
2010-03-29,7.694786548614502
2010-03-30,7.770503997802734
2010-03-31,7.808362007141113
2010-04-01,7.656927585601807
2010-04-05,7.7515740394592285
2010-04-06,7.637998104095459
2010-04-07,7.619068145751953
2010-04-08,7.496027946472168
2010-04-09,7.448704242706299
2010-04-12,7.382452011108398
2010-04-13,7.486562728881836
2010-04-14,7.779967784881592
2010-04-15,7.779967784881592
2010-04-16,7.789432048797607
2010-04-19,7.723179817199707
2010-04-20,7.581209659576416
2010-04-21,7.486562728881836
2010-04-22,7.552816390991211
2010-04-23,7.600139141082764
2010-04-26,7.713715076446533
2010-04-27,6.653670787811279
2010-04-28,6.587418556213379
2010-04-29,6.407588958740234
2010-04-30,6.133113384246826
2010-05-03,6.246689319610596
2010-05-04,6.379195690155029
2010-05-05,6.2277607917785645
2010-05-06,6.114184379577637
2010-05-07,5.915426254272461
2010-05-10,6.3697309494018555
2010-05-11,6.256154537200928
2010-05-12,6.559023857116699
2010-05-13,6.483306407928467
2010-05-14,6.54009485244751
2010-05-17,6.492771148681641
2010-05-18,6.42651891708374
2010-05-19,6.284548282623291
2010-05-20,5.905961036682129
2010-05-21,6.17097282409668
2010-05-24,6.04793119430542
2010-05-25,5.915426254272461
2010-05-26,6.019537925720215
2010-05-27,6.114184379577637
2010-05-28,6.0290021896362305
2010-06-01,5.820778846740723
2010-06-02,6.152042865753174
2010-06-03,6.123648166656494
2010-06-04,5.697737693786621
2010-06-07,5.622020721435547
2010-06-08,5.517910003662109
2010-06-09,5.5463032722473145
2010-06-10,5.716667652130127
2010-06-11,5.915426254272461
2010-06-14,6.019537925720215
2010-06-15,6.019537925720215
2010-06-16,6.038466453552246
2010-06-17,6.010072708129883
2010-06-18,5.93435525894165
2010-06-21,5.83970832824707
2010-06-22,5.74506139755249
2010-06-23,5.773455619812012
2010-06-24,5.896496295928955
2010-06-25,5.849173069000244
2010-06-28,5.924890518188477
2010-06-29,5.830244064331055
2010-06-30,5.83970832824707
2010-07-01,5.801850318908691
2010-07-02,5.763990879058838
2010-07-06,5.811314582824707
2010-07-07,5.9816789627075195
2010-07-08,6.010072708129883
2010-07-09,5.9816789627075195
2010-07-12,5.830244064331055
2010-07-13,6.152042865753174
2010-07-14,6.000608444213867
2010-07-15,5.896496295928955
2010-07-16,5.820778846740723
2010-07-19,5.83970832824707
2010-07-20,5.924890518188477
2010-07-21,5.659879684448242
2010-07-22,6.0763258934021
2010-07-23,6.133113384246826
2010-07-26,6.057395935058594
2010-07-27,6.3697309494018555
2010-07-28,6.085790157318115
2010-07-29,5.924890518188477
2010-07-30,6.0290021896362305
2010-08-02,6.066860675811768
2010-08-03,5.943820476531982
2010-08-04,6.0290021896362305
2010-08-05,5.924890518188477
2010-08-06,5.9816789627075195
2010-08-09,6.019537925720215
2010-08-10,5.782919883728027
2010-08-11,5.688273906707764
2010-08-12,5.603091239929199
2010-08-13,5.480050563812256
2010-08-16,5.555768013000488
2010-08-17,5.830244064331055
2010-08-18,5.792385578155518
2010-08-19,5.924890518188477
2010-08-20,5.74506139755249
2010-08-23,5.707202911376953
2010-08-24,5.707202911376953
2010-08-25,5.735597133636475
2010-08-26,5.773455619812012
2010-08-27,5.953284740447998
2010-08-30,5.688273906707764
2010-08-31,5.659879684448242
2010-09-01,5.830244064331055
2010-09-02,5.782919883728027
2010-09-03,5.83970832824707
2010-09-07,5.811314582824707
2010-09-08,5.858638286590576
2010-09-09,5.830244064331055
2010-09-10,5.650414943695068
2010-09-13,6.066860675811768
2010-09-14,6.246689319610596
2010-09-15,6.265618801116943
2010-09-16,6.0290021896362305
2010-09-17,6.180437088012695
2010-09-20,6.2277607917785645
2010-09-21,6.095254421234131
2010-09-22,5.877567291259766
2010-09-23,5.792385578155518
2010-09-24,6.104719638824463
2010-09-27,5.991143703460693
2010-09-28,6.114184379577637
2010-09-29,6.114184379577637
2010-09-30,6.152042865753174
2010-10-01,6.133113384246826
2010-10-04,5.905961036682129
2010-10-05,6.114184379577637
2010-10-06,5.93435525894165
2010-10-07,5.868102550506592
2010-10-08,6.085790157318115
2010-10-11,5.93435525894165
2010-10-12,6.038466453552246
2010-10-13,6.388660430908203
2010-10-14,6.549559593200684
2010-10-15,6.719923973083496
2010-10-18,6.700994491577148
2010-10-19,6.3697309494018555
2010-10-20,6.530630588531494
2010-10-21,6.435983180999756
2010-10-22,6.54009485244751
2010-10-25,6.559023857116699
2010-10-26,7.297269821166992
2010-10-27,7.382452011108398
2010-10-28,7.571744918823242
2010-10-29,7.562280178070068
2010-11-01,7.382452011108398
2010-11-02,7.382452011108398
2010-11-03,7.4108452796936035
2010-11-04,7.514957427978516
2010-11-05,7.732644081115723
2010-11-08,8.385708808898926
2010-11-09,8.177483558654785
2010-11-10,8.442497253417969
2010-11-11,8.073372840881348
2010-11-12,8.120695114135742
2010-11-15,8.063909530639648
2010-11-16,7.893545150756836
2010-11-17,7.912473678588867
2010-11-18,8.234272003173828
2010-11-19,8.338385581970215
2010-11-22,8.234272003173828
2010-11-23,8.177483558654785
2010-11-24,8.328920364379883
2010-11-26,8.27213191986084
2010-11-29,8.300525665283203
2010-11-30,8.177483558654785
2010-12-01,8.02604866027832
2010-12-02,7.9881911277771
2010-12-03,8.215344429016113
2010-12-06,8.054443359375
2010-12-07,8.168020248413086
2010-12-08,8.13016128540039
2010-12-09,8.120695114135742
2010-12-10,8.016586303710938
2010-12-13,7.9881911277771
2010-12-14,8.0449800491333
2010-12-15,8.149089813232422
2010-12-16,8.518213272094727
2010-12-17,8.262666702270508
2010-12-20,8.13016128540039
2010-12-21,8.13016128540039
2010-12-22,8.177483558654785
2010-12-23,8.073372840881348
2010-12-27,8.073372840881348
2010-12-28,7.9881911277771
2010-12-29,7.779967784881592
2010-12-30,7.836755752563477
2010-12-31,7.694786548614502
2011-01-03,8.054443359375
2011-01-04,7.808362007141113
2011-01-05,7.912473678588867
2011-01-06,7.931402683258057
2011-01-07,7.921938419342041
2011-01-10,7.855684757232666
2011-01-11,7.732644081115723
2011-01-12,8.016586303710938
2011-01-13,7.903009414672852
2011-01-14,8.035514831542969
2011-01-18,7.874614238739014
2011-01-19,7.420309543609619
2011-01-20,7.240481376647949
2011-01-21,7.013329029083252
2011-01-24,7.1174397468566895
2011-01-25,6.9849348068237305
2011-01-26,7.126905918121338
2011-01-27,7.022793292999268
2011-01-28,6.9376115798950195
2011-01-31,7.164763927459717
2011-02-01,7.5244221687316895
2011-02-02,7.391915798187256
2011-02-03,7.467634201049805
2011-02-04,7.391915798187256
2011-02-07,7.420309543609619
2011-02-08,7.439239978790283
2011-02-09,7.552816390991211
2011-02-10,7.656927585601807
2011-02-11,7.694786548614502
2011-02-14,7.713715076446533
2011-02-15,7.836755752563477
2011-02-16,7.912473678588867
2011-02-17,8.972516059875488
2011-02-18,9.086094856262207
2011-02-22,8.698041915893555
2011-02-23,8.139627456665039
2011-02-24,8.518213272094727
2011-02-25,8.489819526672363
2011-02-28,8.489819526672363
2011-03-01,8.168020248413086
2011-03-02,8.414101600646973
2011-03-03,8.480354309082031
2011-03-04,8.641255378723145
2011-03-07,8.385708808898926
2011-03-08,8.584465026855469
2011-03-09,8.698041915893555
2011-03-10,8.451960563659668
2011-03-11,9.15234661102295
2011-03-14,9.19966983795166
2011-03-15,9.795947074890137
2011-03-16,10.108280181884766
2011-03-17,9.80540943145752
2011-03-18,10.874918937683105
2011-03-21,10.524725914001465
2011-03-22,10.666696548461914
2011-03-23,10.7897367477417
2011-03-24,10.846525192260742
2011-03-25,10.969566345214844
2011-03-28,11.18725299835205
2011-03-29,13.260018348693848
2011-03-30,12.86250114440918
2011-03-31,12.995006561279297
2011-04-01,13.16537094116211
2011-04-04,13.364128112792969
2011-04-05,13.34520149230957
2011-04-06,13.21269416809082
2011-04-07,13.260018348693848
2011-04-08,13.013936042785645
2011-04-11,12.871966361999512
2011-04-12,12.14318561553955
2011-04-13,12.474451065063477
2011-04-14,12.020145416259766
2011-04-15,12.03907585144043
2011-04-18,11.546911239624023
2011-04-19,11.518516540527344
2011-04-20,12.218903541564941
2011-04-21,12.540702819824219
2011-04-25,12.673208236694336
2011-04-26,11.764598846435547
2011-04-27,12.218903541564941
2011-04-28,11.953892707824707
2011-04-29,11.67941665649414
2011-05-02,11.130465507507324
2011-05-03,10.818131446838379
2011-05-04,10.48686695098877
2011-05-05,10.411149978637695
2011-05-06,10.449007987976074
2011-05-09,10.363826751708984
2011-05-10,10.7897367477417
2011-05-11,10.56258487701416
2011-05-12,10.960101127624512
2011-05-13,10.392218589782715
2011-05-16,9.88112735748291
2011-05-17,9.701297760009766
2011-05-18,9.90952205657959
2011-05-19,9.862198829650879
2011-05-20,9.824338912963867
2011-05-23,9.644509315490723
2011-05-24,9.57825756072998
2011-05-25,9.890592575073242
2011-05-26,9.937915802001953
2011-05-27,10.146138191223145
2011-05-31,11.300829887390137
2011-06-01,11.092606544494629
2011-06-02,11.016888618469238
2011-06-03,10.884384155273438
2011-06-06,10.543655395507812
2011-06-07,10.420614242553711
2011-06-08,10.392218589782715
2011-06-09,10.392218589782715
2011-06-10,9.985239028930664
2011-06-13,10.070420265197754
2011-06-14,10.47740364074707
2011-06-15,10.297574043273926
2011-06-16,10.799201011657715
2011-06-17,10.979031562805176
2011-06-20,11.244041442871094
2011-06-21,11.348153114318848
2011-06-22,11.035820007324219
2011-06-23,11.376547813415527
2011-06-24,11.016888618469238
2011-06-27,11.21564769744873
2011-06-28,11.878174781799316
2011-06-29,11.63209342956543
2011-06-30,11.783528327941895
2011-07-01,11.774063110351562
2011-07-05,12.114791870117188
2011-07-06,12.076932907104492
2011-07-07,12.086400032043457
2011-07-08,12.190508842468262
2011-07-11,13.08018970489502
2011-07-12,12.34194564819336
2011-07-13,12.512309074401855
2011-07-14,12.114791870117188
2011-07-15,12.34194564819336
2011-07-18,12.247296333312988
2011-07-19,12.720532417297363
2011-07-20,12.502843856811523
2011-07-21,12.105328559875488
2011-07-22,12.247296333312988
2011-07-25,11.991750717163086
2011-07-26,10.089349746704102
2011-07-27,9.370034217834473
2011-07-28,9.284852981567383
2011-07-29,9.161812782287598
2011-08-01,9.455217361450195
2011-08-02,8.716972351074219
2011-08-03,8.660183906555176
2011-08-04,8.111230850219727
2011-08-05,8.0449800491333
2011-08-08,7.041722774505615
2011-08-09,7.3256635665893555
2011-08-10,7.022793292999268
2011-08-11,7.382452011108398
2011-08-12,7.47709846496582
2011-08-15,7.581209659576416
2011-08-16,7.335127353668213
2011-08-17,7.581209659576416
2011-08-18,6.899752616882324
2011-08-19,6.871358871459961
2011-08-22,7.0701165199279785
2011-08-23,7.562280178070068
2011-08-24,7.543350696563721
2011-08-25,7.401381015777588
2011-08-26,7.496027946472168
2011-08-29,7.041722774505615
2011-08-30,6.63474178314209
2011-08-31,6.729389190673828
2011-09-01,6.786177158355713
2011-09-02,6.549559593200684
2011-09-06,6.341336727142334
2011-09-07,5.461121082305908
2011-09-08,5.271827697753906
2011-09-09,4.9310994148254395
2011-09-12,5.073069095611572
2011-09-13,5.139321804046631
2011-09-14,5.167715549468994
2011-09-15,5.357009410858154
2011-09-16,5.290757179260254
2011-09-19,5.063604831695557
2011-09-20,4.826986789703369
2011-09-21,4.675551891326904
2011-09-22,4.836452484130859
2011-09-23,4.950027942657471
2011-09-26,4.9594926834106445
2011-09-27,5.0162811279296875
2011-09-28,4.713411808013916
2011-09-29,4.940563678741455
2011-09-30,4.836452484130859
2011-10-03,4.467329502105713
2011-10-04,5.073069095611572
2011-10-05,5.091999053955078
2011-10-06,5.423262596130371
2011-10-07,5.697737693786621
2011-10-10,5.451656341552734
2011-10-11,5.678808689117432
2011-10-12,5.74506139755249
2011-10-13,5.593626499176025
2011-10-14,5.555768013000488
2011-10-17,5.224503993988037
2011-10-18,5.669343948364258
2011-10-19,5.498979568481445
2011-10-20,5.39486837387085
2011-10-21,5.517910003662109
2011-10-24,5.678808689117432
2011-10-25,5.5463032722473145
2011-10-26,5.943820476531982
2011-10-27,7.694786548614502
2011-10-28,8.4708890914917
2011-10-31,7.779967784881592
2011-11-01,7.533886432647705
2011-11-02,8.035514831542969
2011-11-03,8.224806785583496
2011-11-04,8.0449800491333
2011-11-07,7.685321807861328
2011-11-08,7.836755752563477
2011-11-09,7.249945640563965
2011-11-10,7.552816390991211
2011-11-11,7.647462368011475
2011-11-14,7.874614238739014
2011-11-15,7.940869331359863
2011-11-16,7.921938419342041
2011-11-17,7.581209659576416
2011-11-18,7.6096038818359375
2011-11-21,7.0701165199279785
2011-11-22,6.918682098388672
2011-11-23,6.833499431610107
2011-11-25,6.748318195343018
2011-11-28,7.562280178070068
2011-11-29,7.571744918823242
2011-11-30,7.978726387023926
2011-12-01,7.581209659576416
2011-12-02,7.448704242706299
2011-12-05,7.619068145751953
2011-12-06,7.571744918823242
2011-12-07,7.562280178070068
2011-12-08,7.259410381317139
2011-12-09,7.666392803192139
2011-12-12,7.552816390991211
2011-12-13,7.060652256011963
2011-12-14,6.947076320648193
2011-12-15,6.748318195343018
2011-12-16,6.909217357635498
2011-12-19,6.653670787811279
2011-12-20,6.663136005401611
2011-12-21,6.142578125
2011-12-22,6.246689319610596
2011-12-23,6.417054653167725
2011-12-27,6.294013023376465
2011-12-28,6.114184379577637
2011-12-29,6.114184379577637
2011-12-30,6.17097282409668
2012-01-03,6.265618801116943
2012-01-04,6.246689319610596
2012-01-05,6.17097282409668
2012-01-06,6.180437088012695
2012-01-09,6.511700630187988
2012-01-10,7.3256635665893555
2012-01-11,7.212087154388428
2012-01-12,7.335127353668213
2012-01-13,7.363522052764893
2012-01-17,7.429774761199951
2012-01-18,7.533886432647705
2012-01-19,7.628533363342285
2012-01-20,7.761038303375244
2012-01-23,7.694786548614502
2012-01-24,7.817827224731445
2012-01-25,7.931402683258057
2012-01-26,7.742110252380371
2012-01-27,7.8840789794921875
2012-01-30,7.798896789550781
2012-01-31,7.978726387023926
2012-02-01,8.253202438354492
2012-02-02,8.57500171661377
2012-02-03,8.556072235107422
2012-02-06,8.745365142822266
2012-02-07,8.603395462036133
2012-02-08,8.716972351074219
2012-02-09,8.688578605651855
2012-02-10,8.65071964263916
2012-02-13,8.868407249450684
2012-02-14,8.84947681427002
2012-02-15,9.237529754638672
2012-02-16,8.944124221801758
2012-02-17,9.493075370788574
2012-02-21,9.502540588378906
2012-02-22,9.294316291809082
2012-02-23,8.792689323425293
2012-02-24,8.858941078186035
2012-02-27,8.300525665283203
2012-02-28,8.442497253417969
2012-02-29,8.556072235107422
2012-03-01,8.499283790588379
2012-03-02,8.196413040161133
2012-03-05,8.139627456665039
2012-03-06,8.007121086120605
2012-03-07,8.205879211425781
2012-03-08,8.735899925231934
2012-03-09,8.830547332763672
2012-03-12,8.925193786621094
2012-03-13,9.237529754638672
2012-03-14,9.114489555358887
2012-03-15,9.180741310119629
2012-03-16,9.029305458068848
2012-03-19,9.086094856262207
2012-03-20,9.057701110839844
2012-03-21,9.284852981567383
2012-03-22,9.057701110839844
2012-03-23,9.22806453704834
2012-03-26,9.417357444763184
2012-03-27,9.99470329284668
2012-03-28,10.165068626403809
2012-03-29,10.335431098937988
2012-03-30,10.21239185333252
2012-04-02,10.21239185333252
2012-04-03,10.183998107910156
2012-04-04,9.795947074890137
2012-04-05,9.720227241516113
2012-04-09,9.180741310119629
2012-04-10,9.076629638671875
2012-04-11,9.246993064880371
2012-04-12,9.34164047241211
2012-04-13,9.029305458068848
2012-04-16,9.133417129516602
2012-04-17,9.379500389099121
2012-04-18,9.01037883758545
2012-04-19,9.038771629333496
2012-04-20,8.915729522705078
2012-04-23,8.89680004119873
2012-04-24,8.792689323425293
2012-04-25,9.19966983795166
2012-04-26,7.164763927459717
2012-04-27,7.363522052764893
2012-04-30,7.372986793518066
2012-05-01,7.306734085083008
2012-05-02,7.363522052764893
2012-05-03,7.145834445953369
2012-05-04,7.107975959777832
2012-05-07,7.022793292999268
2012-05-08,7.032258033752441
2012-05-09,7.041722774505615
2012-05-10,7.003864765167236
2012-05-11,6.928147315979004
2012-05-14,6.748318195343018
2012-05-15,6.824034690856934
2012-05-16,6.748318195343018
2012-05-17,6.691529750823975
2012-05-18,6.719923973083496
2012-05-21,6.719923973083496
2012-05-22,6.767246723175049
2012-05-23,6.7388529777526855
2012-05-24,6.5968828201293945
2012-05-25,6.710459232330322
2012-05-29,6.8429646492004395
2012-05-30,6.615812301635742
2012-05-31,6.615812301635742
2012-06-01,6.483306407928467
2012-06-04,6.6442060470581055
2012-06-05,6.682064056396484
2012-06-06,7.003864765167236
2012-06-07,6.909217357635498
2012-06-08,6.956541061401367
2012-06-11,6.710459232330322
2012-06-12,6.710459232330322
2012-06-13,6.710459232330322
2012-06-14,7.155299186706543
2012-06-15,7.2783403396606445
2012-06-18,7.28780460357666
2012-06-19,7.155299186706543
2012-06-20,7.28780460357666
2012-06-21,7.28780460357666
2012-06-22,7.382452011108398
2012-06-25,7.297269821166992
2012-06-26,7.28780460357666
2012-06-27,7.5244221687316895
2012-06-28,7.562280178070068
2012-06-29,7.742110252380371
2012-07-02,7.969263076782227
2012-07-03,8.158555030822754
2012-07-05,8.168020248413086
2012-07-06,7.732644081115723
2012-07-09,7.656927585601807
2012-07-10,7.505491733551025
2012-07-11,7.562280178070068
2012-07-12,7.6096038818359375
2012-07-13,7.647462368011475
2012-07-16,7.5244221687316895
2012-07-17,7.533886432647705
2012-07-18,7.335127353668213
2012-07-19,7.391915798187256
2012-07-20,7.193157196044922
2012-07-23,6.880823135375977
2012-07-24,6.757782459259033
2012-07-25,7.041722774505615
2012-07-26,8.698041915893555
2012-07-27,8.915729522705078
2012-07-30,8.76429557800293
2012-07-31,8.754830360412598
2012-08-01,8.527677536010742
2012-08-02,8.385708808898926
2012-08-03,8.5939302444458
2012-08-06,8.906264305114746
2012-08-07,8.953588485717773
2012-08-08,8.963052749633789
2012-08-09,8.84001350402832
2012-08-10,8.868407249450684
2012-08-13,8.944124221801758
2012-08-14,9.256458282470703
2012-08-15,9.34164047241211
2012-08-16,9.436287879943848
2012-08-17,9.701297760009766
2012-08-20,9.464680671691895
2012-08-21,9.530933380126953
2012-08-22,9.360570907592773
2012-08-23,9.114489555358887
2012-08-24,8.915729522705078
2012-08-27,9.029305458068848
2012-08-28,8.98198127746582
2012-08-29,9.105023384094238
2012-08-30,8.944124221801758
2012-08-31,8.915729522705078
2012-09-04,9.133417129516602
2012-09-05,8.972516059875488
2012-09-06,9.067166328430176
2012-09-07,9.067166328430176
2012-09-10,9.067166328430176
2012-09-11,9.086094856262207
2012-09-12,9.076629638671875
2012-09-13,8.991448402404785
2012-09-14,9.190206527709961
2012-09-17,9.17127513885498
2012-09-18,9.105023384094238
2012-09-19,9.303781509399414
2012-09-20,9.265922546386719
2012-09-21,9.086094856262207
2012-09-24,9.180741310119629
2012-09-25,9.029305458068848
2012-09-26,8.754830360412598
2012-09-27,9.076629638671875
2012-09-28,8.8778715133667
2012-10-01,8.84947681427002
2012-10-02,8.773760795593262
2012-10-03,8.716972351074219
2012-10-04,8.707507133483887
2012-10-05,8.65071964263916
2012-10-08,8.461423873901367
2012-10-09,6.947076320648193
2012-10-10,7.032258033752441
2012-10-11,6.805105686187744
2012-10-12,6.890288352966309
2012-10-15,6.79564094543457
2012-10-16,6.918682098388672
2012-10-17,6.947076320648193
2012-10-18,6.729389190673828
2012-10-19,6.615812301635742
2012-10-22,6.719923973083496
2012-10-23,6.700994491577148
2012-10-24,6.6442060470581055
2012-10-25,6.748318195343018
2012-10-26,6.691529750823975
2012-10-31,6.700994491577148
2012-11-01,6.9849348068237305
2012-11-02,6.786177158355713
2012-11-05,6.890288352966309
2012-11-06,7.1174397468566895
2012-11-07,6.824034690856934
2012-11-08,6.861893653869629
2012-11-09,6.871358871459961
2012-11-12,6.966005802154541
2012-11-13,6.682064056396484
2012-11-14,6.672600746154785
2012-11-15,6.861893653869629
2012-11-16,6.776711463928223
2012-11-19,6.805105686187744
2012-11-20,6.776711463928223
2012-11-21,6.918682098388672
2012-11-23,7.297269821166992
2012-11-26,7.28780460357666
2012-11-27,7.0701165199279785
2012-11-28,7.202622413635254
2012-11-29,7.391915798187256
2012-11-30,7.107975959777832
2012-12-03,7.079581260681152
2012-12-04,7.003864765167236
2012-12-05,6.9849348068237305
2012-12-06,7.164763927459717
2012-12-07,7.174228668212891
2012-12-10,7.2783403396606445
2012-12-11,7.486562728881836
2012-12-12,7.420309543609619
2012-12-13,7.619068145751953
2012-12-14,7.685321807861328
2012-12-17,7.893545150756836
2012-12-18,7.742110252380371
2012-12-19,7.779967784881592
2012-12-20,7.893545150756836
2012-12-21,7.675856113433838
2012-12-24,7.846220016479492
2012-12-26,7.656927585601807
2012-12-27,7.675856113433838
2012-12-28,7.59067440032959
2012-12-31,7.723179817199707
2013-01-02,7.704250335693359
2013-01-03,7.562280178070068
2013-01-04,7.562280178070068
2013-01-07,7.221551895141602
2013-01-08,7.193157196044922
2013-01-09,7.401381015777588
2013-01-10,7.505491733551025
2013-01-11,7.628533363342285
2013-01-14,7.675856113433838
2013-01-15,7.571744918823242
2013-01-16,7.47709846496582
2013-01-17,7.458168983459473
2013-01-18,7.344593048095703
2013-01-22,7.552816390991211
2013-01-23,7.429774761199951
2013-01-24,7.429774761199951
2013-01-25,7.363522052764893
2013-01-28,7.514957427978516
2013-01-29,7.533886432647705
2013-01-30,7.448704242706299
2013-01-31,7.666392803192139
2013-02-01,7.713715076446533
2013-02-04,7.3256635665893555
2013-02-05,7.4108452796936035
2013-02-06,7.28780460357666
2013-02-07,7.240481376647949
2013-02-08,7.212087154388428
2013-02-11,7.249945640563965
2013-02-12,7.249945640563965
2013-02-13,7.363522052764893
2013-02-14,7.647462368011475
2013-02-15,7.779967784881592
2013-02-19,7.8840789794921875
2013-02-20,7.7515740394592285
2013-02-21,7.363522052764893
2013-02-22,7.827291965484619
2013-02-25,7.855684757232666
2013-02-26,7.846220016479492
2013-02-27,7.8840789794921875
2013-02-28,7.827291965484619
2013-03-01,7.8651509284973145
2013-03-04,8.149089813232422
2013-03-05,8.281596183776855
2013-03-06,8.149089813232422
2013-03-07,8.234272003173828
2013-03-08,8.253202438354492
2013-03-11,7.931402683258057
2013-03-12,7.874614238739014
2013-03-13,7.950332164764404
2013-03-14,7.978726387023926
2013-03-15,7.921938419342041
2013-03-18,7.969263076782227
2013-03-19,7.846220016479492
2013-03-20,7.874614238739014
2013-03-21,7.997655391693115
2013-03-22,7.997655391693115
2013-03-25,7.978726387023926
2013-03-26,7.9881911277771
2013-03-27,8.007121086120605
2013-03-28,7.9881911277771
2013-04-01,7.978726387023926
2013-04-02,7.997655391693115
2013-04-03,7.931402683258057
2013-04-04,7.931402683258057
2013-04-05,7.921938419342041
2013-04-08,7.893545150756836
2013-04-09,7.808362007141113
2013-04-10,7.997655391693115
2013-04-11,7.931402683258057
2013-04-12,7.836755752563477
2013-04-15,7.675856113433838
2013-04-16,7.978726387023926
2013-04-17,7.798896789550781
2013-04-18,7.742110252380371
2013-04-19,7.8651509284973145
2013-04-22,7.723179817199707
2013-04-23,7.940869331359863
2013-04-24,7.9881911277771
2013-04-25,8.054443359375
2013-04-26,7.969263076782227
2013-04-29,8.177483558654785
2013-04-30,8.054443359375
2013-05-01,7.808362007141113
2013-05-02,7.893545150756836
2013-05-03,8.0449800491333
2013-05-06,8.007121086120605
2013-05-07,8.02604866027832
2013-05-08,7.9881911277771
2013-05-09,8.035514831542969
2013-05-10,7.9881911277771
2013-05-13,7.931402683258057
2013-05-14,8.0449800491333
2013-05-15,8.101767539978027
2013-05-16,8.13016128540039
2013-05-17,8.186949729919434
2013-05-20,8.196413040161133
2013-05-21,8.186949729919434
2013-05-22,7.893545150756836
2013-05-23,8.007121086120605
2013-05-24,7.997655391693115
2013-05-28,8.139627456665039
2013-05-29,7.9881911277771
2013-05-30,8.063909530639648
2013-05-31,7.931402683258057
2013-06-03,8.120695114135742
2013-06-04,7.921938419342041
2013-06-05,7.808362007141113
2013-06-06,7.950332164764404
2013-06-07,7.969263076782227
2013-06-10,7.903009414672852
2013-06-11,7.808362007141113
2013-06-12,7.855684757232666
2013-06-13,8.035514831542969
2013-06-14,7.855684757232666
2013-06-17,7.8651509284973145
2013-06-18,7.893545150756836
2013-06-19,7.874614238739014
2013-06-20,7.808362007141113
2013-06-21,7.817827224731445
2013-06-24,7.713715076446533
2013-06-25,7.874614238739014
2013-06-26,7.817827224731445
2013-06-27,7.8651509284973145
2013-06-28,7.8651509284973145
2013-07-01,8.196413040161133
2013-07-02,8.149089813232422
2013-07-03,8.168020248413086
2013-07-05,8.168020248413086
2013-07-08,8.234272003173828
2013-07-09,8.328920364379883
2013-07-10,8.395171165466309
2013-07-11,8.461423873901367
2013-07-12,8.480354309082031
2013-07-15,8.442497253417969
2013-07-16,8.461423873901367
2013-07-17,8.423565864562988
2013-07-18,8.366778373718262
2013-07-19,8.300525665283203
2013-07-22,8.338385581970215
2013-07-23,8.27213191986084
2013-07-24,8.328920364379883
2013-07-25,7.808362007141113
2013-07-26,7.789432048797607
2013-07-29,7.770503997802734
2013-07-30,7.808362007141113
2013-07-31,7.789432048797607
2013-08-01,7.770503997802734
2013-08-02,7.761038303375244
2013-08-05,7.770503997802734
2013-08-06,7.761038303375244
2013-08-07,7.704250335693359
2013-08-08,7.713715076446533
2013-08-09,7.694786548614502
2013-08-12,7.761038303375244
2013-08-13,7.742110252380371
2013-08-14,7.694786548614502
2013-08-15,7.581209659576416
2013-08-16,7.581209659576416
2013-08-19,7.505491733551025
2013-08-20,7.581209659576416
2013-08-21,7.496027946472168
2013-08-22,7.666392803192139
2013-08-23,7.628533363342285
2013-08-26,7.628533363342285
2013-08-27,7.486562728881836
2013-08-28,7.439239978790283
2013-08-29,7.5244221687316895
2013-08-30,7.47709846496582
2013-09-03,7.600139141082764
2013-09-04,7.59067440032959
2013-09-05,7.543350696563721
2013-09-06,7.543350696563721
2013-09-09,7.647462368011475
2013-09-10,7.562280178070068
2013-09-11,7.5244221687316895
2013-09-12,7.496027946472168
2013-09-13,7.533886432647705
2013-09-16,7.458168983459473
2013-09-17,7.543350696563721
2013-09-18,7.571744918823242
2013-09-19,7.467634201049805
2013-09-20,7.59067440032959
2013-09-23,7.562280178070068
2013-09-24,7.571744918823242
2013-09-25,7.543350696563721
2013-09-26,7.533886432647705
2013-09-27,7.47709846496582
2013-09-30,7.467634201049805
2013-10-01,7.5244221687316895
2013-10-02,7.467634201049805
2013-10-03,7.382452011108398
2013-10-04,7.401381015777588
2013-10-07,7.335127353668213
2013-10-08,7.372986793518066
2013-10-09,7.372986793518066
2013-10-10,7.372986793518066
2013-10-11,7.458168983459473
2013-10-14,7.4108452796936035
2013-10-15,7.382452011108398
2013-10-16,7.145834445953369
2013-10-17,7.107975959777832
2013-10-18,7.126905918121338
2013-10-21,7.089046478271484
2013-10-22,7.212087154388428
2013-10-23,7.212087154388428
2013-10-24,7.259410381317139
2013-10-25,7.363522052764893
2013-10-28,7.306734085083008
2013-10-29,7.259410381317139
2013-10-30,7.136369705200195
2013-10-31,7.107975959777832
2013-11-01,7.107975959777832
2013-11-04,7.060652256011963
2013-11-05,6.994398593902588
2013-11-06,6.994398593902588
2013-11-07,6.956541061401367
2013-11-08,7.003864765167236
2013-11-11,6.956541061401367
2013-11-12,6.9849348068237305
2013-11-13,6.9849348068237305
2013-11-14,6.947076320648193
2013-11-15,6.9849348068237305
2013-11-18,6.918682098388672
2013-11-19,6.861893653869629
2013-11-20,6.814570903778076
2013-11-21,6.966005802154541
2013-11-22,7.003864765167236
2013-11-25,7.126905918121338
2013-11-26,7.193157196044922
2013-11-27,7.2688751220703125
2013-11-29,7.28780460357666
2013-12-02,7.193157196044922
2013-12-03,7.231016159057617
2013-12-04,7.2688751220703125
2013-12-05,7.3256635665893555
2013-12-06,7.3256635665893555
2013-12-09,7.335127353668213
2013-12-10,7.28780460357666
2013-12-11,7.316198825836182
2013-12-12,7.164763927459717
2013-12-13,7.0701165199279785
2013-12-16,7.486562728881836
2013-12-17,7.372986793518066
2013-12-18,7.486562728881836
2013-12-19,7.354057312011719
2013-12-20,7.486562728881836
2013-12-23,7.467634201049805
2013-12-24,7.59067440032959
2013-12-26,7.448704242706299
2013-12-27,7.429774761199951
2013-12-30,7.335127353668213
2013-12-31,7.316198825836182
2014-01-02,7.1836934089660645
2014-01-03,7.259410381317139
2014-01-06,7.3256635665893555
2014-01-07,7.363522052764893
2014-01-08,7.354057312011719
2014-01-09,7.240481376647949
2014-01-10,7.174228668212891
2014-01-13,7.060652256011963
2014-01-14,7.174228668212891
2014-01-15,7.174228668212891
2014-01-16,7.174228668212891
2014-01-17,7.155299186706543
2014-01-21,7.3256635665893555
2014-01-22,7.429774761199951
2014-01-23,7.439239978790283
2014-01-24,7.2688751220703125
2014-01-27,7.079581260681152
2014-01-28,7.249945640563965
2014-01-29,7.079581260681152
2014-01-30,7.212087154388428
2014-01-31,7.0701165199279785
2014-02-03,6.710459232330322
2014-02-04,6.6442060470581055
2014-02-05,6.625276565551758
2014-02-06,6.625276565551758
2014-02-07,6.559023857116699
2014-02-10,6.435983180999756
2014-02-11,6.275084018707275
2014-02-12,6.341336727142334
2014-02-13,6.388660430908203
2014-02-14,6.398124694824219
2014-02-18,7.959796905517578
2014-02-19,7.59067440032959
2014-02-20,7.637998104095459
2014-02-21,7.59067440032959
2014-02-24,7.562280178070068
2014-02-25,7.439239978790283
2014-02-26,7.6096038818359375
2014-02-27,7.496027946472168
2014-02-28,7.552816390991211
2014-03-03,7.694786548614502
2014-03-04,7.912473678588867
2014-03-05,7.950332164764404
2014-03-06,7.8840789794921875
2014-03-07,7.959796905517578
2014-03-10,7.779967784881592
2014-03-11,7.656927585601807
2014-03-12,7.7515740394592285
2014-03-13,7.514957427978516
2014-03-14,7.533886432647705
2014-03-17,7.59067440032959
2014-03-18,7.685321807861328
2014-03-19,7.637998104095459
2014-03-20,7.600139141082764
2014-03-21,8.035514831542969
2014-03-24,7.846220016479492
2014-03-25,7.779967784881592
2014-03-26,7.420309543609619
2014-03-27,7.505491733551025
2014-03-28,7.401381015777588
2014-03-31,7.136369705200195
2014-04-01,7.4108452796936035
2014-04-02,7.372986793518066
2014-04-03,7.3256635665893555
2014-04-04,7.1836934089660645
2014-04-07,7.202622413635254
2014-04-08,7.429774761199951
2014-04-09,7.543350696563721
2014-04-10,7.1836934089660645
2014-04-11,7.098511695861816
2014-04-14,7.136369705200195
2014-04-15,7.3256635665893555
2014-04-16,7.505491733551025
2014-04-17,7.543350696563721
2014-04-21,7.467634201049805
2014-04-22,7.628533363342285
2014-04-23,7.8651509284973145
2014-04-24,8.887336730957031
2014-04-25,10.572049140930176
2014-04-28,10.31650161743164
2014-04-29,10.127209663391113
2014-04-30,10.799201011657715
2014-05-01,10.979031562805176
2014-05-02,10.95063591003418
2014-05-05,11.423870086669922
2014-05-06,10.72348403930664
2014-05-07,10.647767066955566
2014-05-08,10.45847225189209
2014-05-09,10.26917839050293
2014-05-12,10.704554557800293
2014-05-13,10.553119659423828
2014-05-14,10.335431098937988
2014-05-15,10.354361534118652
2014-05-16,10.21239185333252
2014-05-19,10.221855163574219
2014-05-20,9.928450584411621
2014-05-21,10.079885482788086
2014-05-22,10.202925682067871
2014-05-23,10.884384155273438
2014-05-27,10.884384155273438
2014-05-28,10.7897367477417
2014-05-29,10.704554557800293
2014-05-30,10.553119659423828
2014-06-02,10.34489631652832
2014-06-03,10.127209663391113
2014-06-04,10.089349746704102
2014-06-05,10.373290061950684
2014-06-06,10.56258487701416
2014-06-09,10.307039260864258
2014-06-10,10.45847225189209
2014-06-11,10.363826751708984
2014-06-12,10.411149978637695
2014-06-13,11.423870086669922
2014-06-16,11.509051322937012
2014-06-17,12.076932907104492
2014-06-18,11.3292236328125
2014-06-19,11.21564769744873
2014-06-20,11.480658531188965
2014-06-23,11.3292236328125
2014-06-24,10.979031562805176
2014-06-25,11.244041442871094
2014-06-26,11.130465507507324
2014-06-27,11.120999336242676
2014-06-30,10.979031562805176
2014-07-01,11.47119426727295
2014-07-02,11.3292236328125
2014-07-03,11.253507614135742
2014-07-07,10.543655395507812
2014-07-08,10.325966835021973
2014-07-09,10.325966835021973
2014-07-10,10.335431098937988
2014-07-11,10.354361534118652
2014-07-14,10.590977668762207
2014-07-15,10.7897367477417
2014-07-16,11.111536026000977
2014-07-17,10.86545467376709
2014-07-18,11.120999336242676
2014-07-21,11.073676109313965
2014-07-22,11.480658531188965
2014-07-23,10.979031562805176
2014-07-24,12.58802604675293
2014-07-25,12.38926887512207
2014-07-28,12.957149505615234
2014-07-29,12.995006561279297
2014-07-30,12.758391380310059
2014-07-31,12.843572616577148
2014-08-01,12.758391380310059
2014-08-04,13.468241691589355
2014-08-05,13.35466480255127
2014-08-06,13.477705955505371
2014-08-07,13.572354316711426
2014-08-08,13.648069381713867
2014-08-11,13.506101608276367
2014-08-12,13.657535552978516
2014-08-13,13.723787307739258
2014-08-14,13.572354316711426
2014-08-15,13.468241691589355
2014-08-18,13.723787307739258
2014-08-19,13.99826431274414
2014-08-20,13.648069381713867
2014-08-21,13.430381774902344
2014-08-22,13.496636390686035
2014-08-25,13.468241691589355
2014-08-26,13.553422927856445
2014-08-27,13.695394515991211
2014-08-28,13.35466480255127
2014-08-29,13.97933578491211
2014-09-02,14.452568054199219
2014-09-03,14.22541618347168
2014-09-04,14.783831596374512
2014-09-05,15.522076606750488
2014-09-08,16.19407081604004
2014-09-09,15.834410667419434
2014-09-10,16.601051330566406
2014-09-11,16.743022918701172
2014-09-12,16.553728103637695
2014-09-15,16.175140380859375
2014-09-16,16.317110061645508
2014-09-17,16.733556747436523
2014-09-18,17.28251075744629
2014-09-19,18.10593605041504
2014-09-22,18.493986129760742
2014-09-23,18.06807518005371
2014-09-24,18.15325927734375
2014-09-25,17.26357650756836
2014-09-26,17.888248443603516
2014-09-29,17.774673461914062
2014-09-30,17.774673461914062
2014-10-01,17.424476623535156
2014-10-02,17.746278762817383
2014-10-03,19.128122329711914
2014-10-06,18.437196731567383
2014-10-07,18.124862670898438
2014-10-08,17.98289680480957
2014-10-09,17.37715721130371
2014-10-10,17.055355072021484
2014-10-13,16.629444122314453
2014-10-14,17.367691040039062
2014-10-15,16.77141761779785
2014-10-16,17.244647979736328
2014-10-17,17.329830169677734
2014-10-20,17.254114151000977
2014-10-21,18.702207565307617
2014-10-22,17.727346420288086
2014-10-23,18.210046768188477
2014-10-24,18.238441467285156
2014-10-27,17.310903549194336
2014-10-28,22.459688186645508
2014-10-29,23.48187255859375
2014-10-30,23.46294593811035
2014-10-31,23.964574813842773
2014-11-03,24.116008758544922
2014-11-04,24.41887855529785
2014-11-05,24.532453536987305
2014-11-06,25.071943283081055
2014-11-07,25.204444885253906
2014-11-10,26.756656646728516
2014-11-11,26.084659576416016
2014-11-12,24.9962215423584
2014-11-13,25.762863159179688
2014-11-14,25.516782760620117
2014-11-17,25.46945571899414
2014-11-18,25.53571128845215
2014-11-19,25.005687713623047
2014-11-20,25.611427307128906
2014-11-21,25.327486038208008
2014-11-24,26.70932960510254
2014-11-25,27.87348747253418
2014-11-26,28.053316116333008
2014-11-28,28.204748153686523
2014-12-01,27.31507110595703
2014-12-02,28.394046783447266
2014-12-03,27.49489974975586
2014-12-04,27.457042694091797
2014-12-05,27.58954620361328
2014-12-08,25.857507705688477
2014-12-09,26.02787208557129
2014-12-10,26.520036697387695
2014-12-11,26.292884826660156
2014-12-12,25.478923797607422
2014-12-15,24.740676879882812
2014-12-16,23.983501434326172
2014-12-17,24.466201782226562
2014-12-18,25.829116821289062
2014-12-19,25.327486038208008
2014-12-22,25.961620330810547
2014-12-23,25.885906219482422
2014-12-24,27.438112258911133
2014-12-26,27.636869430541992
2014-12-29,27.10684585571289
2014-12-30,26.33074188232422
2014-12-31,26.69986343383789
2015-01-02,25.838577270507812
2015-01-05,25.67767906188965
2015-01-06,23.784744262695312
2015-01-07,24.475664138793945
2015-01-08,24.9962215423584
2015-01-09,23.803674697875977
2015-01-12,22.913991928100586
2015-01-13,21.71198081970215
2015-01-14,22.412364959716797
2015-01-15,20.42478370666504
2015-01-16,21.475360870361328
2015-01-20,21.693050384521484
2015-01-21,21.532150268554688
2015-01-22,21.68358612060547
2015-01-23,21.797163009643555
2015-01-26,20.765512466430664
2015-01-27,20.614078521728516
2015-01-28,19.752792358398438
2015-01-29,21.428037643432617
2015-01-30,20.34906578063965
2015-02-02,20.576217651367188
2015-02-03,20.51943016052246
2015-02-04,20.85069465637207
2015-02-05,22.090566635131836
2015-02-06,21.021055221557617
2015-02-09,21.759302139282227
2015-02-10,22.2325382232666
2015-02-11,22.913991928100586
2015-02-12,23.822603225708008
2015-02-13,26.368602752685547
2015-02-17,26.472713470458984
2015-02-18,25.63982391357422
2015-02-19,25.18552017211914
2015-02-20,26.103591918945312
2015-02-23,24.759607315063477
2015-02-24,24.882646560668945
2015-02-25,24.059221267700195
2015-02-26,24.409414291381836
2015-02-27,24.24851417541504
2015-03-02,22.090566635131836
2015-03-03,22.44076156616211
2015-03-04,22.043241500854492
2015-03-05,22.062171936035156
2015-03-06,21.37125015258789
2015-03-09,21.768768310546875
2015-03-10,20.386924743652344
2015-03-11,20.71818733215332
2015-03-12,20.699260711669922
2015-03-13,20.131378173828125
2015-03-16,20.59514808654785
2015-03-17,21.976991653442383
2015-03-18,22.573266983032227
2015-03-19,23.377763748168945
2015-03-20,21.891807556152344
2015-03-23,21.9675235748291
2015-03-24,22.02431297302246
2015-03-25,21.00213050842285
2015-03-26,21.81608772277832
2015-03-27,21.295534133911133
2015-03-30,20.50050163269043
2015-03-31,20.386924743652344
2015-04-01,20.566749572753906
2015-04-02,20.301742553710938
2015-04-06,20.935874938964844
2015-04-07,21.181955337524414
2015-04-08,21.304996490478516
2015-04-09,22.43129539489746
2015-04-10,22.790950775146484
2015-04-13,22.450223922729492
2015-04-14,22.365041732788086
2015-04-15,23.56705665588379
2015-04-16,25.128726959228516
2015-04-17,23.94564437866211
2015-04-20,24.437807083129883
2015-04-21,24.314767837524414
2015-04-22,23.76581382751465
2015-04-23,24.636566162109375
2015-04-24,24.26744270324707
2015-04-27,23.26418685913086
2015-04-28,24.82585906982422
2015-04-29,24.24851417541504
2015-04-30,24.059221267700195
2015-05-01,24.06868553161621
2015-05-04,24.70281982421875
2015-05-05,23.822603225708008
2015-05-06,23.25472068786621
2015-05-07,22.64898109436035
2015-05-08,23.718490600585938
2015-05-11,23.23579216003418
2015-05-12,23.822603225708008
2015-05-13,24.381017684936523
2015-05-14,25.081405639648438
2015-05-15,25.03408432006836
2015-05-18,25.933225631713867
2015-05-19,25.564102172851562
2015-05-20,25.119266510009766
2015-05-21,25.242305755615234
2015-05-22,25.696609497070312
2015-05-26,25.015153884887695
2015-05-27,25.18552017211914
2015-05-28,25.29909324645996
2015-05-29,25.213911056518555
2015-06-01,25.232839584350586
2015-06-02,25.554641723632812
2015-06-03,26.93648338317871
2015-06-04,26.49164390563965
2015-06-05,26.974340438842773
2015-06-08,27.570615768432617
2015-06-09,29.113361358642578
2015-06-10,28.734773635864258
2015-06-11,28.24260902404785
2015-06-12,28.592798233032227
2015-06-15,30.28697967529297
2015-06-16,31.20505714416504
2015-06-17,31.299699783325195
2015-06-18,30.940044403076172
2015-06-19,32.09473419189453
2015-06-22,32.77619171142578
2015-06-23,32.26510238647461
2015-06-24,31.290237426757812
2015-06-25,31.839187622070312
2015-06-26,29.34050941467285
2015-06-29,27.930274963378906
2015-06-30,28.57387351989746
2015-07-01,28.29939842224121
2015-07-02,27.050060272216797
2015-07-06,26.520036697387695
2015-07-07,25.895368576049805
2015-07-08,25.365346908569336
2015-07-09,25.99947738647461
2015-07-10,25.95215606689453
2015-07-13,26.50110626220703
2015-07-14,26.02787208557129
2015-07-15,25.18552017211914
2015-07-16,26.15091323852539
2015-07-17,25.601961135864258
2015-07-20,25.02461814880371
2015-07-21,25.261234283447266
2015-07-22,24.44727325439453
2015-07-23,25.242305755615234
2015-07-24,24.182260513305664
2015-07-27,23.77528190612793
2015-07-28,25.128726959228516
2015-07-29,19.355276107788086
2015-07-30,20.03672981262207
2015-07-31,19.298484802246094
2015-08-03,17.51912498474121
2015-08-04,17.79360008239746
2015-08-05,18.560239791870117
2015-08-06,18.465591430664062
2015-08-07,18.124862670898438
2015-08-10,18.65488624572754
2015-08-11,18.645421981811523
2015-08-12,18.124862670898438
2015-08-13,17.547521591186523
2015-08-14,17.850387573242188
2015-08-17,17.916643142700195
2015-08-18,17.59484100341797
2015-08-19,17.509660720825195
2015-08-20,16.68623161315918
2015-08-21,16.705162048339844
2015-08-24,15.66404914855957
2015-08-25,16.033172607421875
2015-08-26,15.881738662719727
2015-08-27,15.749228477478027
2015-08-28,16.64837646484375
2015-08-31,15.824947357177734
2015-09-01,14.85008430480957
2015-09-02,14.992055892944336
2015-09-03,14.802762031555176
2015-09-04,14.462032318115234
2015-09-08,14.556680679321289
2015-09-09,14.963661193847656
2015-09-10,15.550472259521484
2015-09-11,16.04263687133789
2015-09-14,16.16567611694336
2015-09-15,16.440153121948242
2015-09-16,16.525333404541016
2015-09-17,16.875526428222656
2015-09-18,17.63269805908203
2015-09-21,16.478010177612305
2015-09-22,16.071029663085938
2015-09-23,16.16567611694336
2015-09-24,16.847131729125977
2015-09-25,17.083749771118164
2015-09-28,16.241390228271484
2015-09-29,15.862805366516113
2015-09-30,16.127819061279297
2015-10-01,16.26032257080078
2015-10-02,16.884994506835938
2015-10-05,16.468544006347656
2015-10-06,17.96396255493164
2015-10-07,18.124862670898438
2015-10-08,18.00182342529297
2015-10-09,18.191116333007812
2015-10-12,17.71788215637207
2015-10-13,16.847131729125977
2015-10-14,17.07428550720215
2015-10-15,17.102678298950195
2015-10-16,16.81873893737793
2015-10-19,16.89445686340332
2015-10-20,16.638912200927734
2015-10-21,16.127819061279297
2015-10-22,16.733556747436523
2015-10-23,17.12160873413086
2015-10-26,17.159467697143555
2015-10-27,16.733556747436523
2015-10-28,18.465591430664062
2015-10-29,17.538053512573242
2015-10-30,17.992359161376953
2015-11-02,18.285764694213867
2015-11-03,18.815786361694336
2015-11-04,19.15651512145996
2015-11-05,19.061866760253906
2015-11-06,19.222768783569336
2015-11-09,18.68328094482422
2015-11-10,18.45612907409668
2015-11-11,18.863109588623047
2015-11-12,18.57916831970215
2015-11-13,18.475059509277344
2015-11-16,19.23223304748535
2015-11-17,19.468849182128906
2015-11-18,19.70546531677246
2015-11-19,19.289018630981445
2015-11-20,18.664350509643555
2015-11-23,18.257373809814453
2015-11-24,17.51912498474121
2015-11-25,17.71788215637207
2015-11-27,17.585378646850586
2015-11-30,17.68002700805664
2015-12-01,18.172189712524414
2015-12-02,17.945032119750977
2015-12-03,17.30143928527832
2015-12-04,17.140539169311523
2015-12-07,16.59158706665039
2015-12-08,16.582122802734375
2015-12-09,16.0899600982666
2015-12-10,16.582122802734375
2015-12-11,15.796553611755371
2015-12-14,15.749228477478027
2015-12-15,16.004777908325195
2015-12-16,16.241390228271484
2015-12-17,15.9763822555542
2015-12-18,15.9763822555542
2015-12-21,16.326574325561523
2015-12-22,16.35496711730957
2015-12-23,16.440153121948242
2015-12-24,16.66730308532715
2015-12-28,16.08049201965332
2015-12-29,16.45907974243164
2015-12-30,16.222461700439453
2015-12-31,15.834410667419434
2016-01-04,15.749228477478027
2016-01-05,15.389573097229004
2016-01-06,15.559935569763184
2016-01-07,15.342247009277344
2016-01-08,15.105632781982422
2016-01-11,14.509355545043945
2016-01-12,15.048844337463379
2016-01-13,14.594539642333984
2016-01-14,15.058307647705078
2016-01-15,14.622932434082031
2016-01-19,14.386314392089844
2016-01-20,13.723787307739258
2016-01-21,13.99826431274414
2016-01-22,14.22541618347168
2016-01-25,14.197023391723633
2016-01-26,14.348457336425781
2016-01-27,13.761646270751953
2016-01-28,14.026658058166504
2016-01-29,14.670254707336426
2016-02-01,14.632397651672363
2016-02-02,14.338991165161133
2016-02-03,14.462032318115234
2016-02-04,14.812226295471191
2016-02-05,14.08344554901123
2016-02-08,13.553422927856445
2016-02-09,12.85303783416748
2016-02-10,12.673208236694336
2016-02-11,12.947684288024902
2016-02-12,12.928753852844238
2016-02-16,13.38305950164795
2016-02-17,12.881431579589844
2016-02-18,12.881431579589844
2016-02-19,12.74892520904541
2016-02-22,12.966612815856934
2016-02-23,12.93821907043457
2016-02-24,13.34520149230957
2016-02-25,13.307341575622559
2016-02-26,13.685929298400879
2016-02-29,13.013936042785645
2016-03-01,13.278948783874512
2016-03-02,13.38305950164795
2016-03-03,13.714323043823242
2016-03-04,13.913082122802734
2016-03-07,14.414709091186523
2016-03-08,13.913082122802734
2016-03-09,14.007729530334473
2016-03-10,13.790040969848633
2016-03-11,14.282204627990723
2016-03-14,14.178092956542969
2016-03-15,13.723787307739258
2016-03-16,13.799505233764648
2016-03-17,14.102374076843262
2016-03-18,14.007729530334473
2016-03-21,14.566145896911621
2016-03-22,14.708114624023438
2016-03-23,14.178092956542969
2016-03-24,14.111838340759277
2016-03-28,14.253811836242676
2016-03-29,14.376851081848145
2016-03-30,14.547215461730957
2016-03-31,14.57560920715332
2016-04-01,14.698650360107422
2016-04-04,15.247602462768555
2016-04-05,15.342247009277344
2016-04-06,15.493683815002441
2016-04-07,15.578864097595215
2016-04-08,15.313855171203613
2016-04-11,15.190812110900879
2016-04-12,15.332785606384277
2016-04-13,15.900664329528809
2016-04-14,16.10888671875
2016-04-15,16.13728141784668
2016-04-18,16.127819061279297
2016-04-19,15.947989463806152
2016-04-20,16.10888671875
2016-04-21,16.35496711730957
2016-04-22,16.298179626464844
2016-04-25,16.402294158935547
2016-04-26,16.440153121948242
2016-04-27,16.56319236755371
2016-04-28,16.08049201965332
2016-04-29,16.402294158935547
2016-05-02,17.415014266967773
2016-05-03,16.960708618164062
2016-05-04,16.83766746520996
2016-05-05,16.023704528808594
2016-05-06,15.474753379821777
2016-05-09,15.427430152893066
2016-05-10,15.446359634399414
2016-05-11,15.209741592407227
2016-05-12,14.71757984161377
2016-05-13,14.566145896911621
2016-05-16,14.71757984161377
2016-05-17,14.585073471069336
2016-05-18,14.670254707336426
2016-05-19,14.812226295471191
2016-05-20,15.096166610717773
2016-05-23,15.162419319152832
2016-05-24,15.616724014282227
2016-05-25,15.569400787353516
2016-05-26,15.474753379821777
2016-05-27,15.427430152893066
2016-05-31,15.645118713378906
2016-06-01,15.947989463806152
2016-06-02,15.99531078338623
2016-06-03,15.815483093261719
2016-06-06,16.05209732055664
2016-06-07,16.430688858032227
2016-06-08,16.487472534179688
2016-06-09,16.241390228271484
2016-06-10,15.966917037963867
2016-06-13,16.10888671875
2016-06-14,16.08049201965332
2016-06-15,16.023704528808594
2016-06-16,15.853341102600098
2016-06-17,15.569400787353516
2016-06-20,16.26032257080078
2016-06-21,16.402294158935547
2016-06-22,15.89120101928711
2016-06-23,16.77141761779785
2016-06-24,15.22867202758789
2016-06-27,14.7365083694458
2016-06-28,15.058307647705078
2016-06-29,15.115096092224121
2016-06-30,15.512612342834473
2016-07-01,15.361178398132324
2016-07-05,14.887943267822266
2016-07-06,14.518820762634277
2016-07-07,14.49042797088623
2016-07-08,14.944731712341309
2016-07-11,15.22867202758789
2016-07-12,15.63565444946289
2016-07-13,15.654583930969238
2016-07-14,15.578864097595215
2016-07-15,15.559935569763184
2016-07-18,15.99531078338623
2016-07-19,15.910130500793457
2016-07-20,16.241390228271484
2016-07-21,16.01424217224121
2016-07-22,16.487472534179688
2016-07-25,16.36443519592285
2016-07-26,16.487472534179688
2016-07-27,16.572656631469727
2016-07-28,16.383365631103516
2016-07-29,15.815483093261719
2016-08-01,16.10888671875
2016-08-02,16.023704528808594
2016-08-03,16.326574325561523
2016-08-04,15.872270584106445
2016-08-05,16.156211853027344
2016-08-08,16.307647705078125
2016-08-09,16.298179626464844
2016-08-10,16.288715362548828
2016-08-11,16.326574325561523
2016-08-12,16.307647705078125
2016-08-15,16.515869140625
2016-08-16,16.4969425201416
2016-08-17,16.421220779418945
2016-08-18,16.780879974365234
2016-08-19,16.89445686340332
2016-08-22,17.093212127685547
2016-08-23,17.973426818847656
2016-08-24,17.878782272338867
2016-08-25,18.00182342529297
2016-08-26,17.708419799804688
2016-08-29,17.736814498901367
2016-08-30,17.424476623535156
2016-08-31,17.254114151000977
2016-09-01,17.386621475219727
2016-09-02,17.850387573242188
2016-09-06,17.765207290649414
2016-09-07,17.736814498901367
2016-09-08,17.547521591186523
2016-09-09,17.12160873413086
2016-09-12,17.386621475219727
2016-09-13,17.339296340942383
2016-09-14,17.471799850463867
2016-09-15,17.538053512573242
2016-09-16,17.68002700805664
2016-09-19,17.509660720825195
2016-09-20,17.424476623535156
2016-09-21,17.65163230895996
2016-09-22,17.831459045410156
2016-09-23,17.689489364624023
2016-09-26,17.112144470214844
2016-09-27,16.83766746520996
2016-09-28,16.85659408569336
2016-09-29,16.714628219604492
2016-09-30,16.66730308532715
2016-10-03,17.0458927154541
2016-10-04,16.951244354248047
2016-10-05,17.235183715820312
2016-10-06,17.15000343322754
2016-10-07,17.178396224975586
2016-10-10,17.4528751373291
2016-10-11,17.329830169677734
2016-10-12,17.358224868774414
2016-10-13,17.0648193359375
2016-10-14,16.89445686340332
2016-10-17,17.0648193359375
2016-10-18,16.979639053344727
2016-10-19,14.206487655639648
2016-10-20,13.969869613647461
2016-10-21,13.799505233764648
2016-10-24,13.600746154785156
2016-10-25,13.401988983154297
2016-10-26,13.581818580627441
2016-10-27,13.515564918518066
2016-10-28,13.16537094116211
2016-10-31,13.013936042785645
2016-11-01,12.919288635253906
2016-11-02,13.013936042785645
2016-11-03,12.871966361999512
2016-11-04,12.824644088745117
2016-11-07,13.108585357666016
2016-11-08,12.777320861816406
2016-11-09,13.34520149230957
2016-11-10,13.439847946166992
2016-11-11,14.007729530334473
2016-11-14,14.197023391723633
2016-11-15,14.197023391723633
2016-11-16,14.149699211120605
2016-11-17,14.055052757263184
2016-11-18,13.913082122802734
2016-11-21,14.102374076843262
2016-11-22,14.149699211120605
2016-11-23,14.433639526367188
2016-11-25,14.433639526367188
2016-11-28,13.913082122802734
2016-11-29,13.676464080810547
2016-11-30,13.723787307739258
2016-12-01,13.013936042785645
2016-12-02,13.203230857849121
2016-12-05,13.250553131103516
2016-12-06,13.108585357666016
2016-12-07,13.297877311706543
2016-12-08,13.676464080810547
2016-12-09,14.528286933898926
2016-12-12,14.291668891906738
2016-12-13,13.86575698852539
2016-12-14,13.439847946166992
2016-12-15,13.581818580627441
2016-12-16,13.534493446350098
2016-12-19,13.629141807556152
2016-12-20,13.34520149230957
2016-12-21,13.34520149230957
2016-12-22,13.061261177062988
2016-12-23,13.108585357666016
2016-12-27,13.250553131103516
2016-12-28,12.966612815856934
2016-12-29,12.919288635253906
2016-12-30,12.919288635253906
2017-01-03,13.250553131103516
2017-01-04,13.86575698852539
2017-01-05,13.86575698852539
2017-01-06,13.960405349731445
2017-01-09,13.913082122802734
2017-01-10,13.86575698852539
2017-01-11,14.055052757263184
2017-01-12,13.676464080810547
2017-01-13,14.055052757263184
2017-01-17,13.818434715270996
2017-01-18,14.007729530334473
2017-01-19,14.007729530334473
2017-01-20,14.149699211120605
2017-01-23,14.149699211120605
2017-01-24,14.57560920715332
2017-01-25,14.291668891906738
2017-01-26,14.244346618652344
2017-01-27,14.528286933898926
2017-01-30,14.197023391723633
2017-01-31,14.386314392089844
2017-02-01,14.149699211120605
2017-02-02,14.055052757263184
2017-02-03,14.528286933898926
2017-02-06,14.528286933898926
2017-02-07,14.386314392089844
2017-02-08,14.197023391723633
2017-02-09,14.149699211120605
2017-02-10,13.913082122802734
2017-02-13,14.622932434082031
2017-02-14,14.812226295471191
2017-02-15,12.900361061096191
2017-02-16,12.824644088745117
2017-02-17,12.682673454284668
2017-02-21,12.824644088745117
2017-02-22,12.871966361999512
2017-02-23,12.871966361999512
2017-02-24,12.824644088745117
2017-02-27,13.013936042785645
2017-02-28,12.304085731506348
2017-03-01,12.493378639221191
2017-03-02,12.398734092712402
2017-03-03,12.209439277648926
2017-03-06,12.020145416259766
2017-03-07,12.162115097045898
2017-03-08,12.020145416259766
2017-03-09,11.925498008728027
2017-03-10,12.398734092712402
2017-03-13,12.398734092712402
2017-03-14,12.398734092712402
2017-03-15,12.398734092712402
2017-03-16,12.729996681213379
2017-03-17,12.824644088745117
2017-03-20,12.635350227355957
2017-03-21,12.256762504577637
2017-03-22,12.162115097045898
2017-03-23,12.114791870117188
2017-03-24,12.209439277648926
2017-03-27,12.304085731506348
2017-03-28,12.44605541229248
2017-03-29,12.398734092712402
2017-03-30,12.540702819824219
2017-03-31,12.777320861816406
2017-04-03,12.209439277648926
2017-04-04,12.256762504577637
2017-04-05,12.256762504577637
2017-04-06,12.209439277648926
2017-04-07,11.878174781799316
2017-04-10,11.736205101013184
2017-04-11,11.669952392578125
2017-04-12,11.452264785766602
2017-04-13,11.452264785766602
2017-04-17,11.641557693481445
2017-04-18,11.688881874084473
2017-04-19,11.878174781799316
2017-04-20,12.020145416259766
2017-04-21,12.114791870117188
2017-04-24,12.398734092712402
2017-04-25,12.540702819824219
2017-04-26,12.919288635253906
2017-04-27,12.871966361999512
2017-04-28,12.777320861816406
2017-05-01,12.966612815856934
2017-05-02,13.203230857849121
2017-05-03,13.34520149230957
2017-05-04,13.676464080810547
2017-05-05,13.771110534667969
2017-05-08,14.007729530334473
2017-05-09,13.818434715270996
2017-05-10,13.86575698852539
2017-05-11,13.581818580627441
2017-05-12,13.34520149230957
2017-05-15,13.960405349731445
2017-05-16,13.818434715270996
2017-05-17,13.297877311706543
2017-05-18,13.203230857849121
2017-05-19,13.203230857849121
2017-05-22,13.487170219421387
2017-05-23,13.487170219421387
2017-05-24,13.629141807556152
2017-05-25,13.34520149230957
2017-05-26,13.34520149230957
2017-05-30,13.250553131103516
2017-05-31,12.966612815856934
2017-06-01,13.487170219421387
2017-06-02,13.581818580627441
2017-06-05,13.297877311706543
2017-06-06,13.487170219421387
2017-06-07,13.392523765563965
2017-06-08,13.439847946166992
2017-06-09,13.297877311706543
2017-06-12,13.297877311706543
2017-06-13,13.108585357666016
2017-06-14,12.871966361999512
2017-06-15,12.966612815856934
2017-06-16,12.398734092712402
2017-06-19,13.15590763092041
2017-06-20,12.966612815856934
2017-06-21,13.013936042785645
2017-06-22,13.250553131103516
2017-06-23,13.392523765563965
2017-06-26,13.86575698852539
2017-06-27,13.392523765563965
2017-06-28,13.818434715270996
2017-06-29,13.203230857849121
2017-06-30,13.581818580627441
2017-07-03,13.297877311706543
2017-07-05,13.392523765563965
2017-07-06,12.919288635253906
2017-07-07,13.15590763092041
2017-07-10,13.061261177062988
2017-07-11,13.297877311706543
2017-07-12,13.392523765563965
2017-07-13,13.250553131103516
2017-07-14,13.34520149230957
2017-07-17,13.392523765563965
2017-07-18,13.013936042785645
2017-07-19,13.250553131103516
2017-07-20,13.392523765563965
2017-07-21,13.250553131103516
2017-07-24,13.439847946166992
2017-07-25,13.818434715270996
2017-07-26,13.34520149230957
2017-07-27,13.487170219421387
2017-07-28,13.013936042785645
2017-07-31,12.777320861816406
2017-08-01,12.777320861816406
2017-08-02,12.540702819824219
2017-08-03,12.398734092712402
2017-08-04,12.493378639221191
2017-08-07,12.493378639221191
2017-08-08,12.304085731506348
2017-08-09,12.304085731506348
2017-08-10,11.972822189331055
2017-08-11,11.736205101013184
2017-08-14,11.878174781799316
2017-08-15,11.641557693481445
2017-08-16,11.736205101013184
2017-08-17,11.546911239624023
2017-08-18,11.59423542022705
2017-08-21,11.452264785766602
2017-08-22,11.404942512512207
2017-08-23,11.404942512512207
2017-08-24,11.59423542022705
2017-08-25,11.499587059020996
2017-08-28,11.641557693481445
2017-08-29,11.499587059020996
2017-08-30,11.641557693481445
2017-08-31,11.878174781799316
2017-09-01,11.972822189331055
2017-09-05,11.925498008728027
2017-09-06,11.736205101013184
2017-09-07,11.641557693481445
2017-09-08,11.688881874084473
2017-09-11,11.688881874084473
2017-09-12,11.688881874084473
2017-09-13,11.546911239624023
2017-09-14,11.452264785766602
2017-09-15,10.45847225189209
2017-09-18,11.073676109313965
2017-09-19,10.837059020996094
2017-09-20,10.742413520812988
2017-09-21,10.695090293884277
2017-09-22,10.695090293884277
2017-09-25,10.742413520812988
2017-09-26,10.695090293884277
2017-09-27,11.026352882385254
2017-09-28,10.931708335876465
2017-09-29,11.404942512512207
2017-10-02,11.452264785766602
2017-10-03,11.59423542022705
2017-10-04,11.641557693481445
2017-10-05,11.830852508544922
2017-10-06,11.688881874084473
2017-10-09,11.925498008728027
2017-10-10,11.878174781799316
2017-10-11,11.830852508544922
2017-10-12,11.830852508544922
2017-10-13,11.688881874084473
2017-10-16,11.688881874084473
2017-10-17,11.262970924377441
2017-10-18,11.357617378234863
2017-10-19,11.310294151306152
2017-10-20,11.925498008728027
2017-10-23,11.783528327941895
2017-10-24,11.546911239624023
2017-10-25,11.452264785766602
2017-10-26,11.452264785766602
2017-10-27,12.729996681213379
2017-10-30,12.493378639221191
2017-10-31,12.871966361999512
2017-11-01,12.729996681213379
2017-11-02,12.966612815856934
2017-11-03,12.729996681213379
2017-11-06,12.729996681213379
2017-11-07,12.58802604675293
2017-11-08,13.061261177062988
2017-11-09,12.729996681213379
2017-11-10,12.58802604675293
2017-11-13,12.540702819824219
2017-11-14,12.304085731506348
2017-11-15,12.162115097045898
2017-11-16,12.493378639221191
2017-11-17,12.304085731506348
2017-11-20,12.540702819824219
2017-11-21,12.777320861816406
2017-11-22,12.777320861816406
2017-11-24,12.682673454284668
2017-11-27,12.635350227355957
2017-11-28,12.777320861816406
2017-11-29,12.58802604675293
2017-11-30,12.682673454284668
2017-12-01,12.256762504577637
2017-12-04,12.06746768951416
2017-12-05,12.351409912109375
2017-12-06,12.966612815856934
2017-12-07,12.777320861816406
2017-12-08,13.15590763092041
2017-12-11,13.250553131103516
2017-12-12,13.34520149230957
2017-12-13,13.581818580627441
2017-12-14,13.439847946166992
2017-12-15,13.581818580627441
2017-12-18,13.439847946166992
2017-12-19,13.34520149230957
2017-12-20,13.297877311706543
2017-12-21,13.297877311706543
2017-12-22,13.250553131103516
2017-12-26,13.34520149230957
2017-12-27,13.392523765563965
2017-12-28,13.34520149230957
2017-12-29,13.15590763092041
2018-01-02,13.34520149230957
2018-01-03,13.250553131103516
2018-01-04,13.534493446350098
2018-01-05,13.487170219421387
2018-01-08,13.515564918518066
2018-01-09,13.581818580627441
2018-01-10,13.487170219421387
2018-01-11,13.676464080810547
2018-01-12,13.581818580627441
2018-01-16,13.534493446350098
2018-01-17,13.581818580627441
2018-01-18,13.297877311706543
2018-01-19,13.723787307739258
2018-01-22,13.629141807556152
2018-01-23,13.86575698852539
2018-01-24,13.629141807556152
2018-01-25,13.960405349731445
2018-01-26,14.149699211120605
2018-01-29,14.102374076843262
2018-01-30,13.960405349731445
2018-01-31,13.629141807556152
2018-02-01,13.913082122802734
2018-02-02,13.534493446350098
2018-02-05,13.108585357666016
2018-02-06,12.919288635253906
2018-02-07,12.966612815856934
2018-02-08,12.682673454284668
2018-02-09,12.919288635253906
2018-02-12,12.777320861816406
2018-02-13,13.013936042785645
2018-02-14,12.966612815856934
2018-02-15,13.15590763092041
2018-02-16,13.108585357666016
2018-02-20,13.203230857849121
2018-02-21,13.061261177062988
2018-02-22,11.59423542022705
2018-02-23,11.736205101013184
2018-02-26,11.688881874084473
2018-02-27,11.688881874084473
2018-02-28,11.404942512512207
2018-03-01,11.452264785766602
2018-03-02,11.688881874084473
2018-03-05,11.878174781799316
2018-03-06,11.972822189331055
2018-03-07,12.162115097045898
2018-03-08,12.304085731506348
2018-03-09,12.44605541229248
2018-03-12,12.871966361999512
2018-03-13,12.919288635253906
2018-03-14,12.919288635253906
2018-03-15,13.013936042785645
2018-03-16,13.013936042785645
2018-03-19,12.824644088745117
2018-03-20,12.540702819824219
2018-03-21,12.635350227355957
2018-03-22,12.304085731506348
2018-03-23,12.162115097045898
2018-03-26,12.540702819824219
2018-03-27,12.162115097045898
2018-03-28,11.925498008728027
2018-03-29,12.256762504577637
2018-04-02,11.925498008728027
2018-04-03,11.925498008728027
2018-04-04,12.06746768951416
2018-04-05,12.162115097045898
2018-04-06,12.114791870117188
2018-04-09,11.972822189331055
2018-04-10,12.114791870117188
2018-04-11,12.114791870117188
2018-04-12,12.304085731506348
2018-04-13,12.256762504577637
2018-04-16,12.729996681213379
2018-04-17,13.203230857849121
2018-04-18,13.960405349731445
2018-04-19,14.338991165161133
2018-04-20,14.338991165161133
2018-04-23,14.338991165161133
2018-04-24,14.386314392089844
2018-04-25,14.670254707336426
2018-04-26,14.622932434082031
2018-04-27,14.480962753295898
2018-04-30,14.670254707336426
2018-05-01,14.812226295471191
2018-05-02,15.001521110534668
2018-05-03,15.048844337463379
2018-05-04,15.143489837646484
2018-05-07,15.474753379821777
2018-05-08,15.853341102600098
2018-05-09,18.5507755279541
2018-05-10,19.544567108154297
2018-05-11,19.307947158813477
2018-05-14,19.26062774658203
2018-05-15,19.68653678894043
2018-05-16,19.071331024169922
2018-05-17,19.26062774658203
2018-05-18,18.92936134338379
2018-05-21,18.976686477661133
2018-05-22,18.88204002380371
2018-05-23,19.165979385375977
2018-05-24,19.071331024169922
2018-05-25,19.497243881225586
2018-05-29,19.591894149780273
2018-05-30,20.63300323486328
2018-05-31,20.49103546142578
2018-06-01,20.63300323486328
2018-06-04,21.910736083984375
2018-06-05,20.49103546142578
2018-06-06,20.680328369140625
2018-06-07,19.73386001586914
2018-06-08,20.017799377441406
2018-06-11,19.449918746948242
2018-06-12,19.73386001586914
2018-06-13,19.73386001586914
2018-06-14,19.923152923583984
2018-06-15,19.544567108154297
2018-06-18,19.63921356201172
2018-06-19,19.591894149780273
2018-06-20,19.68653678894043
2018-06-21,19.544567108154297
2018-06-22,19.355276107788086
2018-06-25,18.740068435668945
2018-06-26,18.976686477661133
2018-06-27,18.4088077545166
2018-06-28,19.1186580657959
2018-06-29,18.598100662231445
2018-07-02,19.26062774658203
2018-07-03,19.071331024169922
2018-07-05,19.40259552001953
2018-07-06,19.591894149780273
2018-07-09,19.544567108154297
2018-07-10,19.307947158813477
2018-07-11,19.1186580657959
2018-07-12,19.73386001586914
2018-07-13,19.497243881225586
2018-07-16,19.165979385375977
2018-07-17,19.071331024169922
2018-07-18,19.024011611938477
2018-07-19,19.071331024169922
2018-07-20,19.497243881225586
2018-07-23,19.63921356201172
2018-07-24,18.92936134338379
2018-07-25,19.307947158813477
2018-07-26,19.40259552001953
2018-07-27,17.556982040405273
2018-07-30,16.10888671875
2018-07-31,15.427430152893066
2018-08-01,16.326574325561523
2018-08-02,16.610515594482422
2018-08-03,16.373899459838867
2018-08-06,16.326574325561523
2018-08-07,16.13728141784668
2018-08-08,16.2319278717041
2018-08-09,15.806018829345703
2018-08-10,16.373899459838867
2018-08-13,16.373899459838867
2018-08-14,16.705162048339844
2018-08-15,16.752487182617188
2018-08-16,16.705162048339844
2018-08-17,16.752487182617188
2018-08-20,16.752487182617188
2018-08-21,17.083749771118164
2018-08-22,17.083749771118164
2018-08-23,17.225719451904297
2018-08-24,17.415014266967773
2018-08-27,17.415014266967773
2018-08-28,17.415014266967773
2018-08-29,17.462337493896484
2018-08-30,17.462337493896484
2018-08-31,17.746278762817383
2018-09-04,17.98289680480957
2018-09-05,16.799808502197266
2018-09-06,16.515869140625
2018-09-07,16.89445686340332
2018-09-10,17.083749771118164
2018-09-11,17.509660720825195
2018-09-12,17.27304458618164
2018-09-13,17.462337493896484
2018-09-14,17.509660720825195
2018-09-17,17.131072998046875
2018-09-18,17.27304458618164
2018-09-19,17.225719451904297
2018-09-20,17.131072998046875
2018-09-21,17.32036781311035
2018-09-24,17.509660720825195
2018-09-25,18.361482620239258
2018-09-26,18.266834259033203
2018-09-27,17.98289680480957
2018-09-28,18.030216217041016
2018-10-01,17.973426818847656
2018-10-02,17.95450210571289
2018-10-03,18.058610916137695
2018-10-04,17.98289680480957
2018-10-05,17.98289680480957
2018-10-08,17.225719451904297
2018-10-09,16.790342330932617
2018-10-10,16.099422454833984
2018-10-11,15.569400787353516
2018-10-12,16.023704528808594
2018-10-15,15.947989463806152
2018-10-16,16.705162048339844
2018-10-17,16.884994506835938
2018-10-18,17.036426544189453
2018-10-19,16.85659408569336
2018-10-22,17.15000343322754
2018-10-23,17.017498016357422
2018-10-24,16.279254913330078
2018-10-25,16.222461700439453
2018-10-26,16.10888671875
2018-10-29,15.929057121276855
2018-10-30,15.824947357177734
2018-10-31,13.894152641296387
2018-11-01,14.518820762634277
2018-11-02,14.57560920715332
2018-11-05,14.992055892944336
2018-11-06,15.001521110534668
2018-11-07,15.872270584106445
2018-11-08,15.966917037963867
2018-11-09,15.446359634399414
2018-11-12,15.238136291503906
2018-11-13,15.427430152893066
2018-11-14,15.465288162231445
2018-11-15,16.19407081604004
2018-11-16,16.127819061279297
2018-11-19,15.323319435119629
2018-11-20,14.95419692993164
2018-11-21,15.219207763671875
2018-11-23,15.493683815002441
2018-11-26,15.370643615722656
2018-11-27,15.238136291503906
2018-11-28,15.787090301513672
2018-11-29,15.758694648742676
2018-11-30,16.06156349182129
2018-12-03,16.175140380859375
2018-12-04,15.427430152893066
2018-12-06,15.550472259521484
2018-12-07,14.840619087219238
2018-12-10,15.096166610717773
2018-12-11,15.077238082885742
2018-12-12,15.152956008911133
2018-12-13,15.077238082885742
2018-12-14,14.594539642333984
2018-12-17,13.07072639465332
2018-12-18,12.928753852844238
2018-12-19,13.203230857849121
2018-12-20,12.729996681213379
2018-12-21,11.622629165649414
2018-12-24,11.556374549865723
2018-12-26,12.464984893798828
2018-12-27,12.474451065063477
2018-12-28,12.379803657531738
2018-12-31,12.256762504577637
2019-01-02,12.199974060058594
2019-01-03,11.736205101013184
2019-01-04,12.209439277648926
2019-01-07,12.218903541564941
2019-01-08,13.108585357666016
2019-01-09,13.392523765563965
2019-01-10,13.411453247070312
2019-01-11,13.042329788208008
2019-01-14,12.976078033447266
2019-01-15,13.042329788208008
2019-01-16,13.506101608276367
2019-01-17,13.487170219421387
2019-01-18,13.610211372375488
2019-01-22,13.013936042785645
2019-01-23,12.729996681213379
2019-01-24,12.777320861816406
2019-01-25,12.93821907043457
2019-01-28,13.174837112426758
2019-01-29,13.335735321044922
2019-01-30,13.553422927856445
2019-01-31,13.808971405029297
2019-02-01,13.950940132141113
2019-02-04,13.988797187805176
2019-02-05,14.887943267822266
2019-02-06,14.755438804626465
2019-02-07,14.263275146484375
2019-02-08,14.386314392089844
2019-02-11,14.537750244140625
2019-02-12,14.802762031555176
2019-02-13,14.67972183227539
2019-02-14,15.03937816619873
2019-02-15,15.285459518432617
2019-02-19,15.872270584106445
2019-02-20,18.285764694213867
2019-02-21,18.92936134338379
2019-02-22,19.137584686279297
2019-02-25,19.94208335876465
2019-02-26,20.140840530395508
2019-02-27,20.39638900756836
2019-02-28,20.159770965576172
2019-03-01,20.20709800720215
2019-03-04,19.364736557006836
2019-03-05,19.26062774658203
2019-03-06,18.759000778198242
2019-03-07,18.380413055419922
2019-03-08,18.569705963134766
2019-03-11,19.005081176757812
2019-03-12,19.10919189453125
2019-03-13,18.967222213745117
2019-03-14,18.863109588623047
2019-03-15,18.749534606933594
2019-03-18,19.26062774658203
2019-03-19,19.128122329711914
2019-03-20,19.165979385375977
2019-03-21,18.976686477661133
2019-03-22,17.784137725830078
2019-03-25,18.238441467285156
2019-03-26,18.27629852294922
2019-03-27,18.228979110717773
2019-03-28,18.63595962524414
2019-03-29,18.191116333007812
2019-04-01,18.191116333007812
2019-04-02,17.888248443603516
2019-04-03,18.37094497680664
2019-04-04,17.509660720825195
2019-04-05,17.71788215637207
2019-04-08,17.613773345947266
2019-04-09,17.689489364624023
2019-04-10,17.79360008239746
2019-04-11,17.424476623535156
2019-04-12,17.21625518798828
2019-04-15,16.979639053344727
2019-04-16,16.743022918701172
2019-04-17,15.938526153564453
2019-04-18,15.910130500793457
2019-04-22,16.26032257080078
2019-04-23,16.657840728759766
2019-04-24,17.29197120666504
2019-04-25,17.888248443603516
2019-04-26,18.228979110717773
2019-04-29,18.285764694213867
2019-04-30,17.547521591186523
2019-05-01,17.30143928527832
2019-05-02,17.159467697143555
2019-05-03,17.585378646850586
2019-05-06,17.509660720825195
2019-05-07,16.903921127319336
2019-05-08,14.594539642333984
2019-05-09,14.462032318115234
2019-05-10,14.197023391723633
2019-05-13,13.487170219421387
2019-05-14,13.610211372375488
2019-05-15,13.657535552978516
2019-05-16,13.988797187805176
2019-05-17,13.392523765563965
2019-05-20,13.411453247070312
2019-05-21,13.38305950164795
2019-05-22,13.35466480255127
2019-05-23,12.900361061096191
2019-05-24,13.184301376342773
2019-05-28,13.146442413330078
2019-05-29,13.297877311706543
2019-05-30,13.364128112792969
2019-05-31,13.203230857849121
2019-06-03,12.739461898803711
2019-06-04,12.85303783416748
2019-06-05,13.118047714233398
2019-06-06,13.231624603271484
2019-06-07,13.335735321044922
2019-06-10,13.553422927856445
2019-06-11,13.449313163757324
2019-06-12,12.957149505615234
2019-06-13,13.468241691589355
2019-06-14,13.373594284057617
2019-06-17,13.487170219421387
2019-06-18,13.676464080810547
2019-06-19,13.73325252532959
2019-06-20,13.714323043823242
2019-06-21,13.553422927856445
2019-06-24,13.430381774902344
2019-06-25,13.08018970489502
2019-06-26,12.682673454284668
2019-06-27,13.487170219421387
2019-06-28,13.411453247070312
2019-07-01,13.250553131103516
2019-07-02,12.805713653564453
2019-07-03,13.013936042785645
2019-07-05,13.032866477966309
2019-07-08,12.995006561279297
2019-07-09,13.401988983154297
2019-07-10,13.496636390686035
2019-07-11,13.572354316711426
2019-07-12,14.367386817932129
2019-07-15,14.376851081848145
2019-07-16,14.878479957580566
2019-07-17,14.93526840209961
2019-07-18,15.020448684692383
2019-07-19,14.537750244140625
2019-07-22,14.197023391723633
2019-07-23,14.178092956542969
2019-07-24,15.048844337463379
2019-07-25,15.020448684692383
2019-07-26,14.168627738952637
2019-07-29,14.140233039855957
2019-07-30,13.742717742919922
2019-07-31,13.837364196777344
2019-08-01,13.808971405029297
2019-08-02,13.260018348693848
2019-08-05,12.38926887512207
2019-08-06,12.805713653564453
2019-08-07,12.74892520904541
2019-08-08,12.890896797180176
2019-08-09,12.569096565246582
2019-08-12,12.512309074401855
2019-08-13,12.701602935791016
2019-08-14,12.332480430603027
2019-08-15,12.256762504577637
2019-08-16,12.729996681213379
2019-08-19,12.786785125732422
2019-08-20,13.004472732543945
2019-08-21,13.16537094116211
2019-08-22,13.042329788208008
2019-08-23,12.758391380310059
2019-08-26,12.74892520904541
2019-08-27,12.408197402954102
2019-08-28,12.483914375305176
2019-08-29,12.919288635253906
2019-08-30,12.777320861816406
2019-09-03,12.796249389648438
2019-09-04,13.08018970489502
2019-09-05,14.08344554901123
2019-09-06,14.073981285095215
2019-09-09,14.60400390625
2019-09-10,14.944731712341309
2019-09-11,15.58832836151123
2019-09-12,15.70190715789795
2019-09-13,15.512612342834473
2019-09-16,15.787090301513672
2019-09-17,15.512612342834473
2019-09-18,15.048844337463379
2019-09-19,14.774367332458496
2019-09-20,14.102374076843262
2019-09-23,14.348457336425781
2019-09-24,13.572354316711426
2019-09-25,13.648069381713867
2019-09-26,13.543959617614746
2019-09-27,13.61967658996582
2019-09-30,13.723787307739258
2019-10-01,13.506101608276367
2019-10-02,13.373594284057617
2019-10-03,13.59128189086914
2019-10-04,13.714323043823242
2019-10-07,13.780576705932617
2019-10-08,13.449313163757324
2019-10-09,13.761646270751953
2019-10-10,13.506101608276367
2019-10-11,13.827899932861328
2019-10-14,13.723787307739258
2019-10-15,13.941474914550781
2019-10-16,13.742717742919922
2019-10-17,14.092910766601562
2019-10-18,13.941474914550781
2019-10-21,14.471497535705566
2019-10-22,14.793295860290527
2019-10-23,14.802762031555176
2019-10-24,15.03937816619873
2019-10-25,14.916337966918945
2019-10-28,14.651327133178711
2019-10-29,14.98259162902832
2019-10-30,18.38987922668457
2019-10-31,17.708419799804688
2019-11-01,17.69895362854004
2019-11-04,18.68328094482422
2019-11-05,18.607563018798828
2019-11-06,17.98289680480957
2019-11-07,17.840925216674805
2019-11-08,17.98289680480957
2019-11-11,17.80306625366211
2019-11-12,17.689489364624023
2019-11-13,17.29197120666504
2019-11-14,16.922847747802734
2019-11-15,17.0648193359375
2019-11-18,17.433944702148438
2019-11-19,17.670560836791992
2019-11-20,17.32036781311035
2019-11-21,17.15000343322754
2019-11-22,16.884994506835938
2019-11-25,17.12160873413086
2019-11-26,17.26357650756836
2019-11-27,17.604305267333984
2019-11-29,17.65163230895996
2019-12-02,16.932315826416016
2019-12-03,17.27304458618164
2019-12-04,16.743022918701172
2019-12-05,16.582122802734375
2019-12-06,16.402294158935547
2019-12-09,16.222461700439453
2019-12-10,16.222461700439453
2019-12-11,15.739763259887695
2019-12-12,16.071029663085938
2019-12-13,16.023704528808594
2019-12-16,16.118349075317383
2019-12-17,16.36443519592285
2019-12-18,16.960708618164062
2019-12-19,17.358224868774414
2019-12-20,17.1878604888916
2019-12-23,16.714628219604492
2019-12-24,16.582122802734375
2019-12-26,16.440153121948242
2019-12-27,16.241390228271484
2019-12-30,16.2319278717041
2019-12-31,16.203535079956055
2020-01-02,16.56319236755371
2020-01-03,16.45907974243164
2020-01-06,16.951244354248047
2020-01-07,17.471799850463867
2020-01-08,17.62323760986328
2020-01-09,17.29197120666504
2020-01-10,16.979639053344727
2020-01-13,17.850387573242188
2020-01-14,18.730606079101562
2020-01-15,19.005081176757812
2020-01-16,19.298484802246094
2020-01-17,18.976686477661133
2020-01-21,17.95450210571289
2020-01-22,17.945032119750977
2020-01-23,18.039682388305664
2020-01-24,17.765207290649414
2020-01-27,17.026962280273438
2020-01-28,16.298179626464844
2020-01-29,16.241390228271484
2020-01-30,15.824947357177734
2020-01-31,15.730301856994629
2020-02-03,15.853341102600098
2020-02-04,16.336040496826172
2020-02-05,16.336040496826172
2020-02-06,16.19407081604004
2020-02-07,16.288715362548828
2020-02-10,16.326574325561523
2020-02-11,16.77141761779785
2020-02-12,16.998567581176758
2020-02-13,17.017498016357422
2020-02-14,17.26357650756836
2020-02-18,17.29197120666504
2020-02-19,17.79360008239746
2020-02-20,18.06807518005371
2020-02-21,17.945032119750977
2020-02-24,16.970172882080078
2020-02-25,15.957452774047852
2020-02-26,15.673511505126953
2020-02-27,15.484220504760742
2020-02-28,15.626189231872559
2020-03-02,15.843876838684082
2020-03-03,15.484220504760742
2020-03-04,17.509660720825195
2020-03-05,15.342247009277344
2020-03-06,14.424174308776855
2020-03-09,13.08018970489502
2020-03-10,13.174837112426758
2020-03-11,13.59128189086914
2020-03-12,11.821386337280273
2020-03-13,12.209439277648926
2020-03-16,10.363826751708984
2020-03-17,11.698346138000488
2020-03-18,11.7456693649292
2020-03-19,12.881431579589844
2020-03-20,13.468241691589355
2020-03-23,14.338991165161133
2020-03-24,15.058307647705078
2020-03-25,14.708114624023438
2020-03-26,16.13728141784668
2020-03-27,15.493683815002441
2020-03-30,16.53479766845703
2020-03-31,17.178396224975586
2020-04-01,16.960708618164062
2020-04-02,16.553728103637695
2020-04-03,15.77762222290039
2020-04-06,16.657840728759766
2020-04-07,15.919593811035156
2020-04-08,16.127819061279297
2020-04-09,14.755438804626465
2020-04-13,14.338991165161133
2020-04-14,14.585073471069336
2020-04-15,14.092910766601562
2020-04-16,14.698650360107422
2020-04-17,14.774367332458496
2020-04-20,15.900664329528809
2020-04-21,15.134024620056152
2020-04-22,15.53154182434082
2020-04-23,15.465288162231445
2020-04-24,15.787090301513672
2020-04-27,16.506404876708984
2020-04-28,16.326574325561523
2020-04-29,16.601051330566406
2020-04-30,15.900664329528809
2020-05-01,15.06777286529541
2020-05-04,15.332785606384277
2020-05-05,15.578864097595215
2020-05-06,18.030216217041016
2020-05-07,18.172189712524414
2020-05-08,18.446664810180664
2020-05-11,17.945032119750977
2020-05-12,17.63269805908203
2020-05-13,16.506404876708984
2020-05-14,16.241390228271484
2020-05-15,16.932315826416016
2020-05-18,17.244647979736328
2020-05-19,17.1878604888916
2020-05-20,17.254114151000977
2020-05-21,17.575912475585938
2020-05-22,18.446664810180664
2020-05-26,19.03347396850586
2020-05-27,19.137584686279297
2020-05-28,18.91043472290039
2020-05-29,19.23223304748535
2020-06-01,19.81904411315918
2020-06-02,20.50996208190918
2020-06-03,20.178699493408203
2020-06-04,19.374202728271484
2020-06-05,20.08405303955078
2020-06-08,20.82229995727539
2020-06-09,21.257673263549805
2020-06-10,20.604612350463867
2020-06-11,20.793903350830078
2020-06-12,20.91694450378418
2020-06-15,21.494291305541992
2020-06-16,22.762556076049805
2020-06-17,22.63951873779297
2020-06-18,23.623844146728516
2020-06-19,22.999174118041992
2020-06-22,23.67116928100586
2020-06-23,24.153865814208984
2020-06-24,24.475664138793945
2020-06-25,25.49785041809082
2020-06-26,25.318023681640625
2020-06-29,25.53571128845215
2020-06-30,26.434856414794922
2020-07-01,25.649288177490234
2020-07-02,26.302349090576172
2020-07-06,26.680938720703125
2020-07-07,26.292884826660156
2020-07-08,26.955411911010742
2020-07-09,27.286678314208984
2020-07-10,27.258283615112305
2020-07-13,25.715538024902344
2020-07-14,25.895368576049805
2020-07-15,25.895368576049805
2020-07-16,25.289627075195312
2020-07-17,25.961620330810547
2020-07-20,27.684194564819336
2020-07-21,27.69365882873535
2020-07-22,27.40971565246582
2020-07-23,27.19202995300293
2020-07-24,26.77558708190918
2020-07-27,28.14796257019043
2020-07-28,27.646333694458008
2020-07-29,29.094430923461914
2020-07-30,29.217470169067383
2020-07-31,29.4730167388916
2020-08-03,31.195587158203125
2020-08-04,30.76021385192871
2020-08-05,29.141754150390625
2020-08-06,29.321582794189453
2020-08-07,28.536012649536133
2020-08-10,28.308860778808594
2020-08-11,29.529808044433594
2020-08-12,17.831459045410156
2020-08-13,17.888248443603516
2020-08-14,17.96396255493164
2020-08-17,18.285764694213867
2020-08-18,19.6676082611084
2020-08-19,19.421525955200195
2020-08-20,19.449918746948242
2020-08-21,19.9136905670166
2020-08-24,19.326879501342773
2020-08-25,20.35852813720703
2020-08-26,21.28606605529785
2020-08-27,20.254419326782227
2020-08-28,20.415315628051758
2020-08-31,20.39638900756836
2020-09-01,21.191421508789062
2020-09-02,21.021055221557617
2020-09-03,19.790647506713867
2020-09-04,19.05240249633789
2020-09-08,19.08079719543457
2020-09-09,19.6676082611084
2020-09-10,19.544567108154297
2020-09-11,19.222768783569336
2020-09-14,19.837970733642578
2020-09-15,19.67707061767578
2020-09-16,19.790647506713867
2020-09-17,20.046194076538086
2020-09-18,21.484827041625977
2020-09-21,20.462644577026367
2020-09-22,20.481571197509766
2020-09-23,19.790647506713867
2020-09-24,19.165979385375977
2020-09-25,19.648677825927734
2020-09-28,20.547822952270508
2020-09-29,20.29227638244629
2020-09-30,19.837970733642578
2020-10-01,20.244953155517578
2020-10-02,20.282812118530273
2020-10-05,21.304996490478516
2020-10-06,21.86341667175293
2020-10-07,22.166284561157227
2020-10-08,23.16954231262207
2020-10-09,23.529197692871094
2020-10-12,25.119266510009766
2020-10-13,25.17605209350586
2020-10-14,24.87318229675293
2020-10-15,24.513525009155273
2020-10-16,23.860458374023438
2020-10-19,23.86992645263672
2020-10-20,23.529197692871094
2020-10-21,23.037033081054688
2020-10-22,22.64898109436035
2020-10-23,22.507015228271484
2020-10-26,22.033777236938477
2020-10-27,22.44076156616211
2020-10-28,21.71198081970215
2020-10-29,21.910736083984375
2020-10-30,20.75604820251465
2020-11-02,21.304996490478516
2020-11-03,17.225719451904297
2020-11-04,18.484525680541992
2020-11-05,18.352018356323242
2020-11-06,18.039682388305664
2020-11-09,17.80306625366211
2020-11-10,18.143795013427734
2020-11-11,18.162721633911133
2020-11-12,18.030216217041016
2020-11-13,17.888248443603516
2020-11-16,17.95450210571289
2020-11-17,18.01129150390625
2020-11-18,17.52859115600586
2020-11-19,18.228979110717773
2020-11-20,18.295228958129883
2020-11-23,17.96396255493164
2020-11-24,18.172189712524414
2020-11-25,18.569705963134766
2020-11-27,19.203840255737305
2020-11-30,18.721141815185547
2020-12-01,19.128122329711914
2020-12-02,19.222768783569336
2020-12-03,19.932619094848633
2020-12-04,20.26388168334961
2020-12-07,20.21656036376953
2020-12-08,19.885297775268555
2020-12-09,18.919897079467773
2020-12-10,19.544567108154297
2020-12-11,19.355276107788086
2020-12-14,19.270090103149414
2020-12-15,19.67707061767578
2020-12-16,19.26062774658203
2020-12-17,19.544567108154297
2020-12-18,20.53835678100586
2020-12-21,20.35852813720703
2020-12-22,21.011592864990234
2020-12-23,20.34906578063965
2020-12-24,20.159770965576172
2020-12-28,19.800111770629883
2020-12-29,19.68653678894043
2020-12-30,19.53510093688965
2020-12-31,19.572961807250977
2021-01-04,20.282812118530273
2021-01-05,21.106239318847656
2021-01-06,21.844484329223633
2021-01-07,22.450223922729492
2021-01-08,22.270395278930664
2021-01-11,21.134632110595703
2021-01-12,21.494291305541992
2021-01-13,20.71818733215332
2021-01-14,21.939132690429688
2021-01-15,21.693050384521484
2021-01-19,22.98971176147461
2021-01-20,23.472410202026367
2021-01-21,23.112749099731445
2021-01-22,23.32097625732422
2021-01-25,23.00864028930664
2021-01-26,22.696306228637695
2021-01-27,22.383970260620117
2021-01-28,22.67737579345703
2021-01-29,22.071640014648438
2021-02-01,22.118961334228516
2021-02-02,23.29258155822754
2021-02-03,22.743627548217773
2021-02-04,22.70577049255371
2021-02-05,23.63330841064453
2021-02-08,23.31151008605957
2021-02-09,24.220117568969727
2021-02-10,24.257976531982422
2021-02-11,24.06868553161621
2021-02-12,24.34316062927246
2021-02-16,24.428342819213867
2021-02-17,24.399948120117188
2021-02-18,24.428342819213867
2021-02-19,24.456737518310547
2021-02-22,23.91724967956543
2021-02-23,23.349369049072266
2021-02-24,22.743627548217773
2021-02-25,22.790950775146484
2021-02-26,22.109495162963867
2021-03-01,23.879390716552734
2021-03-02,24.059221267700195
2021-03-03,23.822603225708008
2021-03-04,23.35883331298828
2021-03-05,23.850996017456055
2021-03-08,22.715234756469727
2021-03-09,25.02461814880371
2021-03-10,24.86371612548828
2021-03-11,25.336952209472656
2021-03-12,24.664960861206055
2021-03-15,24.059221267700195
2021-03-16,23.964574813842773
2021-03-17,24.210657119750977
2021-03-18,24.295839309692383
2021-03-19,24.485132217407227
2021-03-22,24.314767837524414
2021-03-23,24.295839309692383
2021-03-24,23.28311538696289
2021-03-25,22.970783233642578
2021-03-26,23.727956771850586
2021-03-29,22.525941848754883
2021-03-30,21.560544967651367
2021-03-31,23.1884708404541
2021-04-01,24.239049911499023
2021-04-05,24.41887855529785
2021-04-06,25.071943283081055
2021-04-07,24.01189613342285
2021-04-08,24.797468185424805
2021-04-09,24.532453536987305
2021-04-12,24.362089157104492
2021-04-13,25.478923797607422
2021-04-14,25.043546676635742
2021-04-15,26.321279525756836
2021-04-16,26.680938720703125
2021-04-19,25.734468460083008
2021-04-20,25.431598663330078
2021-04-21,26.122522354125977
2021-04-22,26.42538833618164
2021-04-23,26.510574340820312
2021-04-26,27.41918182373047
2021-04-27,26.927019119262695
2021-04-28,26.02787208557129
2021-04-29,25.791257858276367
2021-04-30,25.37480926513672
2021-05-03,24.911043167114258
2021-05-04,23.794206619262695
2021-05-05,24.26744270324707
2021-05-06,24.163331985473633
2021-05-07,24.3053035736084
2021-05-10,23.41562271118164
2021-05-11,23.529197692871094
2021-05-12,23.027570724487305
2021-05-13,23.16954231262207
2021-05-14,23.974037170410156
2021-05-17,23.538665771484375
2021-05-18,24.00243377685547
2021-05-19,23.197935104370117
2021-05-20,23.784744262695312
2021-05-21,23.832067489624023
2021-05-24,24.352622985839844
2021-05-25,24.409414291381836
2021-05-26,24.67442512512207
2021-05-27,24.646032333374023
2021-05-28,24.750139236450195
2021-06-01,24.948902130126953
2021-06-02,24.532453536987305
2021-06-03,24.01189613342285
2021-06-04,24.172800064086914
2021-06-07,24.617637634277344
2021-06-08,24.522987365722656
2021-06-09,24.5703125
2021-06-10,24.41887855529785
2021-06-11,24.8542537689209
2021-06-14,24.76906967163086
2021-06-15,23.99296760559082
2021-06-16,24.475664138793945
2021-06-17,25.516782760620117
2021-06-18,24.646032333374023
2021-06-21,24.627099990844727
2021-06-22,24.82585906982422
2021-06-23,24.882646560668945
2021-06-24,25.232839584350586
2021-06-25,24.77853775024414
2021-06-28,24.8542537689209
2021-06-29,24.712284088134766
2021-06-30,24.172800064086914
2021-07-01,23.907785415649414
2021-07-02,23.718490600585938
2021-07-06,23.860458374023438
2021-07-07,23.56705665588379
2021-07-08,23.652236938476562
2021-07-09,24.182260513305664
2021-07-12,23.26418685913086
2021-07-13,22.98971176147461
2021-07-14,22.611120223999023
2021-07-15,22.383970260620117
2021-07-16,22.289323806762695
2021-07-19,22.383970260620117
2021-07-20,22.951852798461914
2021-07-21,23.377763748168945
2021-07-22,23.13167953491211
2021-07-23,23.25472068786621
2021-07-26,23.16954231262207
2021-07-27,22.999174118041992
2021-07-28,23.604915618896484
2021-07-29,23.784744262695312
2021-07-30,23.349369049072266
2021-08-02,23.548126220703125
2021-08-03,23.8983211517334
2021-08-04,23.58598518371582
2021-08-05,17.89771270751953
2021-08-06,17.661094665527344
2021-08-09,18.01129150390625
2021-08-10,18.560239791870117
2021-08-11,18.948291778564453
2021-08-12,19.71493148803711
2021-08-13,19.317415237426758
2021-08-16,18.191116333007812
2021-08-17,18.09646987915039
2021-08-18,17.812528610229492
2021-08-19,17.37715721130371
2021-08-20,17.093212127685547
2021-08-23,17.878782272338867
2021-08-24,18.247907638549805
2021-08-25,18.228979110717773
2021-08-26,17.7557430267334
2021-08-27,18.361482620239258
2021-08-30,18.087005615234375
2021-08-31,18.238441467285156
2021-09-01,17.916643142700195
2021-09-02,18.06807518005371
2021-09-03,18.437196731567383
2021-09-07,17.765207290649414
2021-09-08,17.556982040405273
2021-09-09,18.295228958129883
2021-09-10,18.01129150390625
2021-09-13,18.919897079467773
2021-09-14,19.317415237426758
2021-09-15,19.345809936523438
2021-09-16,18.588632583618164
2021-09-17,18.617029190063477
2021-09-20,17.225719451904297
2021-09-21,17.604305267333984
2021-09-22,17.68002700805664
2021-09-23,17.765207290649414
2021-09-24,17.840925216674805
2021-09-27,17.65163230895996
2021-09-28,16.903921127319336
2021-09-29,17.7557430267334
2021-09-30,17.774673461914062
2021-10-01,18.37094497680664
2021-10-04,17.96396255493164
2021-10-05,17.888248443603516
2021-10-06,18.238441467285156
2021-10-07,18.63595962524414
2021-10-08,18.664350509643555
2021-10-11,18.333086013793945
2021-10-12,18.759000778198242
2021-10-13,19.18490982055664
2021-10-14,19.222768783569336
2021-10-15,19.203840255737305
2021-10-18,19.40259552001953
2021-10-19,19.629751205444336
2021-10-20,19.53510093688965
2021-10-21,20.027267456054688
2021-10-22,19.506710052490234
2021-10-25,19.771717071533203
2021-10-26,19.41206169128418
2021-10-27,19.024011611938477
2021-10-28,19.317415237426758
2021-10-29,19.326879501342773
2021-11-01,19.497243881225586
2021-11-02,19.326879501342773
2021-11-03,20.159770965576172
2021-11-04,19.970478057861328
2021-11-05,19.998872756958008
2021-11-08,19.998872756958008
2021-11-09,19.923152923583984
2021-11-10,19.3836669921875
2021-11-11,18.91043472290039
2021-11-12,18.493986129760742
2021-11-15,18.34255027770996
2021-11-16,18.039682388305664
2021-11-17,17.96396255493164
2021-11-18,17.49073028564453
2021-11-19,17.44340705871582
2021-11-22,17.017498016357422
2021-11-23,16.336040496826172
2021-11-24,16.705162048339844
2021-11-26,15.99531078338623
2021-11-29,15.900664329528809
2021-11-30,16.175140380859375
2021-12-01,15.843876838684082
2021-12-02,16.175140380859375
2021-12-03,15.541007995605469
2021-12-06,15.569400787353516
2021-12-07,15.947989463806152
2021-12-08,16.071029663085938
2021-12-09,15.616724014282227
2021-12-10,15.171884536743164
2021-12-13,15.900664329528809
2021-12-14,15.578864097595215
2021-12-15,15.862805366516113
2021-12-16,15.436894416809082
2021-12-17,15.616724014282227
2021-12-20,15.01098346710205
2021-12-21,15.682975769042969
2021-12-22,15.66404914855957
2021-12-23,16.023704528808594
2021-12-27,16.19407081604004
2021-12-28,16.099422454833984
2021-12-29,16.2319278717041
2021-12-30,16.13728141784668
2021-12-31,16.023704528808594
2022-01-03,16.307647705078125
2022-01-04,16.2319278717041
2022-01-05,15.53154182434082
2022-01-06,15.77762222290039
2022-01-07,15.569400787353516
2022-01-10,15.919593811035156
2022-01-11,16.478010177612305
2022-01-12,16.487472534179688
2022-01-13,16.19407081604004
2022-01-14,15.654583930969238
2022-01-18,15.247602462768555
2022-01-19,15.58832836151123
2022-01-20,15.238136291503906
2022-01-21,15.020448684692383
2022-01-24,15.361178398132324
2022-01-25,14.670254707336426
2022-01-26,14.632397651672363
2022-01-27,14.376851081848145
2022-01-28,14.698650360107422
2022-01-31,15.200278282165527
2022-02-01,15.134024620056152
2022-02-02,15.029914855957031
2022-02-03,14.566145896911621
2022-02-04,14.887943267822266
2022-02-07,15.048844337463379
2022-02-08,15.474753379821777
2022-02-09,15.645118713378906
2022-02-10,15.342247009277344
2022-02-11,15.247602462768555
2022-02-14,15.541007995605469
2022-02-15,15.824947357177734
2022-02-16,15.966917037963867
2022-02-17,15.408500671386719
2022-02-18,15.162419319152832
2022-02-22,14.887943267822266
2022-02-23,12.38926887512207
2022-02-24,13.061261177062988
2022-02-25,12.777320861816406
2022-02-28,13.042329788208008
2022-03-01,12.739461898803711
2022-03-02,12.777320861816406
2022-03-03,12.597491264343262
2022-03-04,12.370338439941406
2022-03-07,12.256762504577637
2022-03-08,12.351409912109375
2022-03-09,12.569096565246582
2022-03-10,12.644813537597656
2022-03-11,12.020145416259766
2022-03-14,11.67941665649414
2022-03-15,11.821386337280273
2022-03-16,12.313549995422363
2022-03-17,12.729996681213379
2022-03-18,12.86250114440918
2022-03-21,13.676464080810547
2022-03-22,13.695394515991211
2022-03-23,13.59128189086914
2022-03-24,13.449313163757324
2022-03-25,13.297877311706543
2022-03-28,13.496636390686035
2022-03-29,13.884687423706055
2022-03-30,13.430381774902344
2022-03-31,13.666998863220215
2022-04-01,14.405244827270508
2022-04-04,15.020448684692383
2022-04-05,14.518820762634277
2022-04-06,13.950940132141113
2022-04-07,14.08344554901123
2022-04-08,13.515564918518066
2022-04-11,13.610211372375488
2022-04-12,13.97933578491211
2022-04-13,14.71757984161377
2022-04-14,14.111838340759277
2022-04-18,13.875223159790039
2022-04-19,14.49042797088623
2022-04-20,13.97933578491211
2022-04-21,13.648069381713867
2022-04-22,13.638606071472168
2022-04-25,13.818434715270996
2022-04-26,13.629141807556152
2022-04-27,13.260018348693848
2022-04-28,13.496636390686035
2022-04-29,13.373594284057617
2022-05-02,13.496636390686035
2022-05-03,12.900361061096191
2022-05-04,13.666998863220215
2022-05-05,12.370338439941406
2022-05-06,11.404942512512207
2022-05-09,10.647767066955566
2022-05-10,10.912778854370117
2022-05-11,10.51526165008545
2022-05-12,10.695090293884277
2022-05-13,10.95063591003418
2022-05-16,11.111536026000977
2022-05-17,10.590977668762207
2022-05-18,10.420614242553711
2022-05-19,10.988495826721191
2022-05-20,11.386011123657227
2022-05-23,12.14318561553955
2022-05-24,11.878174781799316
2022-05-25,11.916033744812012
2022-05-26,12.370338439941406
2022-05-27,12.711067199707031
2022-05-31,12.521773338317871
2022-06-01,12.947684288024902
2022-06-02,13.032866477966309
2022-06-03,13.004472732543945
2022-06-06,12.569096565246582
2022-06-07,12.86250114440918
2022-06-08,12.682673454284668
2022-06-09,12.133721351623535
2022-06-10,11.736205101013184
2022-06-13,10.874918937683105
2022-06-14,10.808666229248047
2022-06-15,11.225111961364746
2022-06-16,10.808666229248047
2022-06-17,11.016888618469238
2022-06-21,11.262970924377441
2022-06-22,11.357617378234863
2022-06-23,11.79299259185791
2022-06-24,11.982287406921387
2022-06-27,12.199974060058594
2022-06-28,11.338687896728516
2022-06-29,11.49012279510498
2022-06-30,11.262970924377441
2022-07-01,11.518516540527344
2022-07-05,11.736205101013184
2022-07-06,11.376547813415527
2022-07-07,11.414405822753906
2022-07-08,11.319759368896484
2022-07-11,10.647767066955566
2022-07-12,10.335431098937988
2022-07-13,10.297574043273926
2022-07-14,10.108280181884766
2022-07-15,10.25971508026123
2022-07-18,10.221855163574219
2022-07-19,10.420614242553711
2022-07-20,10.7897367477417
2022-07-21,10.837059020996094
2022-07-22,10.770806312561035
2022-07-25,10.657231330871582
2022-07-26,10.098814010620117
2022-07-27,10.401683807373047
2022-07-28,10.505796432495117
2022-07-29,10.47740364074707
2022-08-01,10.56258487701416
2022-08-02,10.600443840026855
2022-08-03,10.420614242553711
2022-08-04,10.307039260864258
2022-08-05,10.297574043273926
2022-08-08,10.449007987976074
2022-08-09,10.288108825683594
2022-08-10,10.590977668762207
2022-08-11,10.676159858703613
2022-08-12,11.007424354553223
2022-08-15,11.348153114318848
2022-08-16,11.376547813415527
2022-08-17,11.641557693481445
2022-08-18,11.669952392578125
2022-08-19,11.395475387573242
2022-08-22,10.922242164611816
2022-08-23,10.780272483825684
2022-08-24,10.72348403930664
2022-08-25,11.092606544494629
2022-08-26,10.979031562805176
2022-08-29,10.969566345214844
2022-08-30,11.064212799072266
2022-08-31,10.893848419189453
2022-09-01,10.354361534118652
2022-09-02,10.26917839050293
2022-09-06,9.682368278503418
2022-09-07,9.474145889282227
2022-09-08,9.436287879943848
2022-09-09,10.174532890319824
2022-09-12,9.502540588378906
2022-09-13,9.067166328430176
2022-09-14,9.01037883758545
2022-09-15,8.906264305114746
2022-09-16,8.972516059875488
2022-09-19,9.22806453704834
2022-09-20,8.735899925231934
2022-09-21,8.537142753601074
2022-09-22,8.461423873901367
2022-09-23,8.376243591308594
2022-09-26,8.120695114135742
2022-09-27,8.205879211425781
2022-09-28,8.385708808898926
2022-09-29,8.385708808898926
2022-09-30,8.149089813232422
2022-10-03,8.395171165466309
2022-10-04,8.660183906555176
2022-10-05,8.603395462036133
2022-10-06,8.461423873901367
2022-10-07,8.196413040161133
2022-10-10,7.912473678588867
2022-10-11,7.997655391693115
2022-10-12,8.054443359375
2022-10-13,8.27213191986084
2022-10-14,8.224806785583496
2022-10-17,8.641255378723145
2022-10-18,8.830547332763672
2022-10-19,8.84001350402832
2022-10-20,9.417357444763184
2022-10-21,9.568792343139648
2022-10-24,9.710762977600098
2022-10-25,10.079885482788086
2022-10-26,10.21239185333252
2022-10-27,10.231322288513184
2022-10-28,10.240785598754883
2022-10-31,10.401683807373047
2022-11-01,9.843268394470215
2022-11-02,11.007424354553223
2022-11-03,11.21564769744873
2022-11-04,11.026352882385254
2022-11-07,11.802457809448242
2022-11-08,12.663743019104004
2022-11-09,12.55016803741455
2022-11-10,13.364128112792969
2022-11-11,13.013936042785645
2022-11-14,12.824644088745117
2022-11-15,13.278948783874512
2022-11-16,12.985542297363281
2022-11-17,12.947684288024902
2022-11-18,13.08018970489502
2022-11-21,12.786785125732422
2022-11-22,12.162115097045898
2022-11-23,12.654278755187988
2022-11-25,12.606955528259277
2022-11-28,12.275691986083984
2022-11-29,11.953892707824707
2022-11-30,11.897103309631348
2022-12-01,12.739461898803711
2022-12-02,12.578560829162598
2022-12-05,12.162115097045898
2022-12-06,11.93496322631836
2022-12-07,11.300829887390137
2022-12-08,11.3292236328125
2022-12-09,11.70781135559082
2022-12-12,11.499587059020996
2022-12-13,11.688881874084473
2022-12-14,11.79299259185791
2022-12-15,11.196717262268066
2022-12-16,11.149394035339355
2022-12-19,11.026352882385254
2022-12-20,11.111536026000977
2022-12-21,11.196717262268066
2022-12-22,10.969566345214844
2022-12-23,10.912778854370117
2022-12-27,10.47740364074707
2022-12-28,10.136674880981445
2022-12-29,10.590977668762207
2022-12-30,10.590977668762207
2023-01-03,10.979031562805176
2023-01-04,11.452264785766602
2023-01-05,10.931708335876465
2023-01-06,11.3292236328125
2023-01-09,11.253507614135742
2023-01-10,11.802457809448242
2023-01-11,12.323016166687012
2023-01-12,11.916033744812012
2023-01-13,12.114791870117188
2023-01-17,12.739461898803711
2023-01-18,12.455521583557129
2023-01-19,12.44605541229248
2023-01-20,12.578560829162598
2023-01-23,12.654278755187988
2023-01-24,12.928753852844238
2023-01-25,13.136977195739746
2023-01-26,13.250553131103516
2023-01-27,13.278948783874512
2023-01-30,12.796249389648438
2023-01-31,13.07072639465332
2023-02-01,13.648069381713867
2023-02-02,13.685929298400879
2023-02-03,13.790040969848633
2023-02-06,13.297877311706543
2023-02-07,13.430381774902344
2023-02-08,13.59128189086914
2023-02-09,12.957149505615234
2023-02-10,12.928753852844238
2023-02-13,13.21269416809082
2023-02-14,13.127513885498047
2023-02-15,13.553422927856445
2023-02-16,13.2410888671875
2023-02-17,13.146442413330078
2023-02-21,12.767855644226074
2023-02-22,13.023401260375977
2023-02-23,12.985542297363281
2023-02-24,12.644813537597656
2023-02-27,12.436591148376465
2023-02-28,12.796249389648438
2023-03-01,15.66404914855957
2023-03-02,17.50019645690918
2023-03-03,17.784137725830078
2023-03-06,16.847131729125977
2023-03-07,16.809274673461914
2023-03-08,16.610515594482422
2023-03-09,15.673511505126953
2023-03-10,15.351712226867676
2023-03-13,16.56319236755371
2023-03-14,17.80306625366211
2023-03-15,17.310903549194336
2023-03-16,17.329830169677734
2023-03-17,17.28251075744629
2023-03-20,16.59158706665039
2023-03-21,16.34550666809082
2023-03-22,16.705162048339844
2023-03-23,16.752487182617188
2023-03-24,16.26032257080078
2023-03-27,16.67677116394043
2023-03-28,16.307647705078125
2023-03-29,16.16567611694336
2023-03-30,15.938526153564453
2023-03-31,16.56319236755371
2023-04-03,16.76194953918457
2023-04-04,17.055355072021484
2023-04-05,16.705162048339844
2023-04-06,16.714628219604492
2023-04-10,17.3487606048584
2023-04-11,17.036426544189453
2023-04-12,17.036426544189453
2023-04-13,17.49073028564453
2023-04-14,17.131072998046875
2023-04-17,17.026962280273438
2023-04-18,16.799808502197266
2023-04-19,15.985843658447266
2023-04-20,15.99531078338623
2023-04-21,16.099422454833984
2023-04-24,16.01424217224121
2023-04-25,15.408500671386719
2023-04-26,15.266530990600586
2023-04-27,14.698650360107422
2023-04-28,13.950940132141113
2023-05-01,13.941474914550781
2023-05-02,13.439847946166992
2023-05-03,12.55016803741455
2023-05-04,12.247296333312988
2023-05-05,12.512309074401855
2023-05-08,12.985542297363281
2023-05-09,13.222160339355469
2023-05-10,13.70485782623291
2023-05-11,13.600746154785156
2023-05-12,13.420918464660645
2023-05-15,13.051795959472656
2023-05-16,12.815177917480469
2023-05-17,13.08018970489502
2023-05-18,13.203230857849121
2023-05-19,13.364128112792969
2023-05-22,13.846829414367676
2023-05-23,13.884687423706055
2023-05-24,14.073981285095215
2023-05-25,13.960405349731445
2023-05-26,13.950940132141113
2023-05-30,13.808971405029297
2023-05-31,14.329527854919434
2023-06-01,14.036121368408203
2023-06-02,14.651327133178711
2023-06-05,14.774367332458496
2023-06-06,15.209741592407227
2023-06-07,15.304389953613281
2023-06-08,15.048844337463379
2023-06-09,14.869014739990234
2023-06-12,16.04263687133789
2023-06-13,15.89120101928711
2023-06-14,15.947989463806152
2023-06-15,15.929057121276855
2023-06-16,15.749228477478027
2023-06-20,14.547215461730957
2023-06-21,14.49042797088623
2023-06-22,14.338991165161133
2023-06-23,14.045586585998535
2023-06-26,13.477705955505371
2023-06-27,13.487170219421387
2023-06-28,13.638606071472168
2023-06-29,14.092910766601562
2023-06-30,14.045586585998535
2023-07-03,14.159162521362305
2023-07-05,13.477705955505371
2023-07-06,13.023401260375977
2023-07-07,13.089653968811035
2023-07-10,13.525030136108398
2023-07-11,13.477705955505371
2023-07-12,13.515564918518066
2023-07-13,13.73325252532959
2023-07-14,13.297877311706543
2023-07-17,13.430381774902344
2023-07-18,13.411453247070312
2023-07-19,13.203230857849121
2023-07-20,13.051795959472656
2023-07-21,13.231624603271484
2023-07-24,13.023401260375977
2023-07-25,13.15590763092041
2023-07-26,13.38305950164795
2023-07-27,13.146442413330078
2023-07-28,12.900361061096191
2023-07-31,13.004472732543945
2023-08-01,13.335735321044922
2023-08-02,12.985542297363281
2023-08-03,12.644813537597656
2023-08-04,12.682673454284668
2023-08-07,12.881431579589844
2023-08-08,12.786785125732422
2023-08-09,12.616419792175293
2023-08-10,10.165068626403809
2023-08-11,10.165068626403809
2023-08-14,10.827593803405762
2023-08-15,10.666696548461914
2023-08-16,10.770806312561035
2023-08-17,10.647767066955566
2023-08-18,10.638301849365234
2023-08-21,10.647767066955566
2023-08-22,10.7897367477417
2023-08-23,10.931708335876465
2023-08-24,10.855990409851074
2023-08-25,10.960101127624512
2023-08-28,10.979031562805176
2023-08-29,11.149394035339355
2023-08-30,11.603700637817383
2023-08-31,11.59423542022705
2023-09-01,11.518516540527344
2023-09-05,11.452264785766602
2023-09-06,11.083142280578613
2023-09-07,10.922242164611816
2023-09-08,10.893848419189453
2023-09-11,10.855990409851074
2023-09-12,10.7897367477417
2023-09-13,10.751877784729004
2023-09-14,10.931708335876465
2023-09-15,10.7897367477417
2023-09-18,10.685625076293945
2023-09-19,10.657231330871582
2023-09-20,10.647767066955566
2023-09-21,10.48686695098877
2023-09-22,10.496332168579102
2023-09-25,10.48686695098877
2023-09-26,10.098814010620117
2023-09-27,10.165068626403809
2023-09-28,10.25971508026123
2023-09-29,10.174532890319824
2023-10-02,10.307039260864258
2023-10-03,10.26917839050293
2023-10-04,10.21239185333252
2023-10-05,9.918985366821289
2023-10-06,10.070420265197754
2023-10-09,9.862198829650879
2023-10-10,9.786480903625488
2023-10-11,9.521469116210938
2023-10-12,9.123953819274902
2023-10-13,8.546606063842773
2023-10-16,8.915729522705078
2023-10-17,9.105023384094238
2023-10-18,8.868407249450684
2023-10-19,8.641255378723145
2023-10-20,8.537142753601074
2023-10-23,8.508749008178711
2023-10-24,8.347847938537598
2023-10-25,7.7515740394592285
2023-10-26,7.429774761199951
2023-10-27,7.297269821166992
2023-10-30,7.391915798187256
2023-10-31,7.47709846496582
2023-11-01,7.363522052764893
2023-11-02,7.704250335693359
2023-11-03,7.959796905517578
2023-11-06,7.969263076782227
2023-11-07,7.9881911277771
2023-11-08,8.007121086120605
2023-11-09,8.76429557800293
2023-11-10,9.01037883758545
2023-11-13,9.436287879943848
2023-11-14,9.928450584411621
2023-11-15,9.748621940612793
2023-11-16,9.69183349609375
2023-11-17,9.521469116210938
2023-11-20,9.606651306152344
2023-11-21,9.493075370788574
2023-11-22,9.493075370788574
2023-11-24,9.644509315490723
2023-11-27,9.530933380126953
2023-11-28,9.407893180847168
2023-11-29,9.530933380126953
2023-11-30,9.493075370788574
2023-12-01,9.69183349609375
2023-12-04,9.512005805969238
2023-12-05,9.464680671691895
2023-12-06,9.22806453704834
2023-12-07,9.31324577331543
2023-12-08,9.606651306152344
2023-12-11,9.937915802001953
2023-12-12,9.133417129516602
2023-12-13,9.521469116210938
2023-12-14,9.644509315490723
2023-12-15,10.411149978637695
2023-12-18,10.837059020996094
2023-12-19,11.139928817749023
2023-12-20,10.449007987976074
2023-12-21,10.628836631774902
2023-12-22,10.666696548461914
2023-12-26,10.496332168579102
2023-12-27,10.278643608093262
2023-12-28,10.221855163574219
2023-12-29,10.146138191223145
2024-01-02,10.004167556762695
2024-01-03,9.777015686035156
2024-01-04,9.133417129516602
2024-01-05,9.019841194152832
2024-01-08,9.237529754638672
2024-01-09,9.161812782287598
2024-01-10,9.483611106872559
2024-01-11,9.625581741333008
2024-01-12,9.843268394470215
2024-01-16,9.710762977600098
2024-01-17,9.502540588378906
2024-01-18,9.653973579406738
2024-01-19,9.85273265838623
2024-01-22,10.023097038269043
2024-01-23,9.99470329284668
2024-01-24,9.871663093566895
2024-01-25,10.15560245513916
2024-01-26,10.183998107910156
2024-01-29,10.505796432495117
2024-01-30,10.183998107910156
2024-01-31,9.710762977600098
2024-02-01,9.90952205657959
2024-02-02,9.445752143859863
2024-02-05,9.190206527709961
2024-02-06,9.57825756072998
2024-02-07,9.493075370788574
2024-02-08,9.729692459106445
2024-02-09,10.023097038269043
2024-02-12,10.117743492126465
2024-02-13,9.019841194152832
2024-02-14,9.455217361450195
2024-02-15,9.90952205657959
2024-02-16,9.483611106872559
2024-02-20,9.19966983795166
2024-02-21,9.01037883758545
2024-02-22,8.972516059875488
2024-02-23,8.953588485717773
2024-02-26,9.076629638671875
2024-02-27,9.180741310119629
2024-02-28,8.963052749633789
2024-02-29,9.095558166503906
2024-03-01,9.388964653015137
2024-03-04,9.218598365783691
2024-03-05,8.963052749633789
2024-03-06,9.067166328430176
2024-03-07,11.158859252929688
2024-03-08,10.411149978637695
2024-03-11,9.076629638671875
2024-03-12,9.474145889282227
2024-03-13,9.31324577331543
2024-03-14,9.142882347106934
2024-03-15,9.767550468444824
2024-03-18,9.644509315490723
2024-03-19,10.089349746704102
2024-03-20,10.48686695098877
2024-03-21,10.47740364074707
2024-03-22,10.619372367858887
2024-03-25,10.818131446838379
2024-03-26,10.931708335876465
2024-03-27,11.092606544494629
2024-03-28,11.007424354553223
2024-04-01,11.083142280578613
2024-04-02,11.064212799072266
2024-04-03,11.234578132629395
2024-04-04,10.761343002319336
2024-04-05,10.799201011657715
2024-04-08,10.572049140930176
2024-04-09,10.439542770385742
2024-04-10,9.758087158203125
2024-04-11,9.8338041305542
2024-04-12,9.483611106872559
2024-04-15,9.455217361450195
2024-04-16,9.370034217834473
2024-04-17,9.332175254821777
2024-04-18,9.388964653015137
2024-04-19,9.474145889282227
2024-04-22,9.947380065917969
2024-04-23,10.136674880981445
2024-04-24,10.401683807373047
2024-04-25,10.363826751708984
2024-04-26,10.21239185333252
2024-04-29,10.31650161743164
2024-04-30,10.240785598754883
2024-05-01,10.335431098937988
2024-05-02,10.363826751708984
2024-05-03,11.726739883422852
2024-05-06,11.688881874084473
2024-05-07,11.442798614501953
2024-05-08,11.565839767456055
2024-05-09,11.802457809448242
2024-05-10,11.367082595825195
2024-05-13,11.357617378234863
2024-05-14,11.8687105178833
2024-05-15,12.304085731506348
2024-05-16,12.351409912109375
2024-05-17,12.474451065063477
2024-05-20,11.982287406921387
2024-05-21,12.048539161682129
2024-05-22,11.925498008728027
2024-05-23,11.887640953063965
2024-05-24,12.304085731506348
2024-05-28,12.199974060058594
2024-05-29,12.351409912109375
2024-05-30,12.304085731506348
2024-05-31,12.464984893798828
2024-06-03,12.370338439941406
2024-06-04,12.228368759155273
2024-06-05,12.900361061096191
2024-06-06,12.767855644226074
2024-06-07,12.569096565246582
2024-06-10,12.663743019104004
2024-06-11,12.644813537597656
2024-06-12,12.711067199707031
2024-06-13,12.2946195602417
2024-06-14,12.048539161682129
2024-06-17,12.323016166687012
2024-06-18,12.076932907104492
2024-06-20,11.8687105178833
2024-06-21,11.821386337280273
2024-06-24,11.830852508544922
2024-06-25,11.859245300292969
2024-06-26,11.953892707824707
2024-06-27,12.190508842468262
2024-06-28,12.133721351623535
2024-07-01,12.105328559875488
2024-07-02,11.8687105178833
2024-07-03,11.953892707824707
2024-07-05,11.830852508544922
2024-07-08,12.190508842468262
2024-07-09,11.916033744812012
2024-07-10,11.982287406921387
2024-07-11,12.237832069396973
2024-07-12,12.1526517868042
2024-07-15,12.455521583557129
2024-07-16,12.711067199707031
2024-07-17,12.55016803741455
2024-07-18,12.34194564819336
2024-07-19,12.502843856811523
2024-07-22,13.051795959472656
2024-07-23,13.297877311706543
2024-07-24,13.250553131103516
2024-07-25,13.562889099121094
2024-07-26,13.771110534667969
2024-07-29,13.70485782623291
2024-07-30,13.790040969848633
2024-07-31,14.007729530334473
2024-08-01,13.73325252532959
2024-08-02,13.742717742919922
2024-08-05,13.392523765563965
2024-08-06,14.073981285095215
2024-08-07,14.301133155822754
2024-08-08,14.386314392089844
2024-08-09,14.168627738952637
2024-08-12,13.97933578491211
2024-08-13,14.651327133178711
2024-08-14,14.301133155822754
2024-08-15,14.547215461730957
2024-08-16,14.651327133178711
2024-08-19,14.887943267822266
2024-08-20,14.670254707336426
2024-08-21,15.096166610717773
2024-08-22,14.916337966918945
2024-08-23,15.25706672668457
2024-08-26,15.152956008911133
2024-08-27,14.764904022216797
2024-08-28,14.887943267822266
2024-08-29,15.29492473602295
2024-08-30,15.25706672668457
2024-09-03,14.613468170166016
2024-09-04,14.518820762634277
2024-09-05,14.424174308776855
2024-09-06,14.178092956542969
2024-09-09,14.111838340759277
2024-09-10,13.92254638671875
2024-09-11,14.073981285095215
2024-09-12,14.187557220458984
2024-09-13,14.689186096191406
2024-09-16,15.342247009277344
2024-09-17,15.408500671386719
2024-09-18,15.162419319152832
2024-09-19,15.380106925964355
2024-09-20,15.361178398132324
2024-09-23,15.190812110900879
2024-09-24,15.285459518432617
2024-09-25,15.361178398132324
2024-09-26,15.25706672668457
2024-09-27,15.171884536743164
2024-09-30,15.77762222290039
2024-10-01,14.660791397094727
2024-10-02,13.99826431274414
2024-10-03,13.894152641296387
2024-10-04,14.036121368408203
2024-10-07,14.007729530334473
2024-10-08,14.405244827270508
2024-10-09,14.670254707336426
2024-10-10,14.60400390625
2024-10-11,14.85008430480957
2024-10-14,15.06777286529541
2024-10-15,14.755438804626465
2024-10-16,14.433639526367188
2024-10-17,14.57560920715332
2024-10-18,14.547215461730957
2024-10-21,14.386314392089844
2024-10-22,14.206487655639648
2024-10-23,13.695394515991211
2024-10-24,13.685929298400879
2024-10-25,13.799505233764648
2024-10-28,13.875223159790039
2024-10-29,14.111838340759277
2024-10-30,13.780576705932617
2024-10-31,15.787090301513672
2024-11-01,15.313855171203613
2024-11-04,15.787090301513672
2024-11-05,15.66404914855957
2024-11-06,16.64837646484375
2024-11-07,16.392826080322266
2024-11-08,16.487472534179688
2024-11-11,16.64837646484375
2024-11-12,16.440153121948242
2024-11-13,16.66730308532715
2024-11-14,16.411758422851562
2024-11-15,15.824947357177734
2024-11-18,15.929057121276855
2024-11-19,16.05209732055664
2024-11-20,16.336040496826172
2024-11-21,16.724090576171875
2024-11-22,16.922847747802734
2024-11-25,17.566448211669922
2024-11-26,17.481266021728516
2024-11-27,17.26357650756836
2024-11-29,17.15000343322754
2024-12-02,17.509660720825195
2024-12-03,17.82199478149414
2024-12-04,17.462337493896484
2024-12-05,17.49073028564453
2024-12-06,17.661094665527344
2024-12-09,17.59484100341797
2024-12-10,17.69895362854004
2024-12-11,17.86931800842285
2024-12-12,18.10593605041504
2024-12-13,17.093212127685547
2024-12-16,18.34255027770996
2024-12-17,18.238441467285156
2024-12-18,17.055355072021484
2024-12-19,17.112144470214844
2024-12-20,17.27304458618164
2024-12-23,17.424476623535156
2024-12-24,17.405548095703125
2024-12-26,17.945032119750977
2024-12-27,17.774673461914062
2024-12-30,17.7557430267334
2024-12-31,17.547521591186523
2025-01-02,17.831459045410156
2025-01-03,18.115402221679688
2025-01-06,17.746278762817383
2025-01-07,17.481266021728516
2025-01-08,17.509660720825195
2025-01-10,17.30143928527832
2025-01-13,17.50019645690918
2025-01-14,17.82199478149414
2025-01-15,18.13433265686035
2025-01-16,18.049148559570312
2025-01-17,17.916643142700195
2025-01-21,17.907176971435547
2025-01-22,18.06807518005371
2025-01-23,18.65488624572754
2025-01-24,18.361482620239258
2025-01-27,17.575912475585938
2025-01-28,18.863109588623047
2025-01-29,18.285764694213867
2025-01-30,18.541311264038086
2025-01-31,18.322280883789062
2025-02-03,17.4842586517334
2025-02-04,18.150867462158203
2025-02-05,18.427032470703125
2025-02-06,18.227052688598633
2025-02-07,18.26514434814453
2025-02-10,18.74129295349121
2025-02-11,18.865093231201172
2025-02-12,18.760339736938477
2025-02-13,19.265060424804688
2025-02-14,19.236492156982422
2025-02-18,18.85556983947754
2025-02-19,17.912792205810547
2025-02-20,17.360456466674805
2025-02-21,16.36054039001465
2025-02-24,16.22722053527832
2025-02-25,15.57012939453125
2025-02-26,15.80820369720459
2025-02-27,15.446330070495605
2025-02-28,15.274916648864746
2025-03-03,15.636792182922363
2025-03-04,15.751068115234375
2025-03-05,15.87486457824707
2025-03-06,15.684404373168945
2025-03-07,15.922481536865234
2025-03-10,15.35110092163086
2025-03-11,15.151117324829102
2025-03-12,15.008272171020508
2025-03-13,14.551166534423828
2025-03-14,14.998748779296875
2025-03-17,15.341578483581543
2025-03-18,15.19873332977295
2025-03-19,15.484423637390137
2025-03-20,15.03684139251709
2025-03-21,15.26539421081543
2025-03-24,15.236824035644531
2025-03-25,15.703453063964844
2025-03-26,15.541560173034668
2025-03-27,15.151117324829102
2025-03-28,14.72258186340332
2025-03-31,14.522598266601562
2025-04-01,14.779720306396484
2025-04-02,14.80828857421875
2025-04-03,13.913125991821289
2025-04-04,13.160807609558105
2025-04-07,12.922731399536133
2025-04-08,12.922731399536133
2025-04-09,14.198814392089844
2025-04-10,13.722664833068848
2025-04-11,13.675049781799316
2025-04-14,13.703619003295898
2025-04-15,13.83694076538086
2025-04-16,13.770279884338379
2025-04-17,13.66552734375
2025-04-21,13.341744422912598
2025-04-22,13.684572219848633
2025-04-23,14.170246124267578
2025-04-24,14.522598266601562
2025-04-25,14.703536033630371
2025-04-28,14.398798942565918
2025-04-29,14.49402904510498
2025-04-30,14.160723686218262
2025-05-01,13.96074104309082
2025-05-02,14.332139015197754
2025-05-05,14.446413040161133
2025-05-06,14.694012641906738
2025-05-07,14.87494945526123
2025-05-08,14.7892427444458
2025-05-09,15.027318954467773
2025-05-12,15.65583610534668
2025-05-13,15.65583610534668
2025-05-14,15.332054138183594
2025-05-15,15.41776180267334
2025-05-16,15.580862045288086
2025-05-19,15.638425827026367
2025-05-20,15.456138610839844
2025-05-21,15.341007232666016
2025-05-22,15.091561317443848
2025-05-23,15.168313980102539
2025-05-27,15.513703346252441
2025-05-28,15.20669174194336
2025-05-29,15.225878715515137
2025-05-30,15.28344440460205
2025-06-02,15.101155281066895
2025-06-03,15.341007232666016
2025-06-04,15.341007232666016
2025-06-05,15.763150215148926
2025-06-06,16.05097198486328
2025-06-09,16.070161819458008
2025-06-10,15.907060623168945
2025-06-11,15.830307960510254
2025-06-12,15.590455055236816
2025-06-13,14.86130142211914
2025-06-16,15.18750286102295
2025-06-17,15.101155281066895
2025-06-18,14.80373764038086
2025-06-20,14.6790132522583
2025-06-23,14.899678230285645
2025-06-24,15.177907943725586
2025-06-25,15.542486190795898
2025-06-26,16.079755783081055
2025-06-27,16.127727508544922
2025-06-30,16.012598037719727
2025-07-01,16.281232833862305
2025-07-02,16.4923038482666
2025-07-03,16.780128479003906
2025-07-07,17.09673500061035
2025-07-08,17.317398071289062
2025-07-09,16.97201156616211
2025-07-10,16.837690353393555
2025-07-11,15.129939079284668
2025-07-14,15.00521469116211
2025-07-15,14.698201179504395
2025-07-16,14.6790132522583
2025-07-17,14.525507926940918
2025-07-18,14.4295654296875
2025-07-21,14.304841041564941
2025-07-22,14.496725082397461
2025-07-23,14.765361785888672
2025-07-24,14.458348274230957
2025-07-25,14.46794319152832
2025-07-28,14.515913963317871
2025-07-29,14.496725082397461
2025-07-30,14.256871223449707
2025-07-31,14.151336669921875
2025-08-01,13.70041275024414
2025-08-04,14.007425308227539
2025-08-05,13.738788604736328
2025-08-06,13.326242446899414
2025-08-07,12.194135665893555
2025-08-08,12.386016845703125
2025-08-11,12.539523124694824
2025-08-12,13.153547286987305
2025-08-13,13.518123626708984
2025-08-14,13.211112976074219
2025-08-15,13.356289863586426
2025-08-18,13.433717727661133
2025-08-19,13.45307445526123
2025-08-20,13.356289863586426
2025-08-21,13.540180206298828
2025-08-22,14.091854095458984
2025-08-25,13.80150032043457
2025-08-26,13.97571086883545
2025-08-27,14.343493461608887
2025-08-28,14.372529029846191
2025-08-29,14.643526077270508
2025-09-02,14.449956893920898
2025-09-03,14.643526077270508
2025-09-04,14.711275100708008
2025-09-05,14.720953941345215
2025-09-08,15.098414421081543
2025-09-09,14.866130828857422
2025-09-10,14.595133781433105
2025-09-11,14.914522171020508
2025-09-12,14.837096214294434
2025-09-15,15.040343284606934
2025-09-16,15.108092308044434
2025-09-17,15.282305717468262
2025-09-18,15.79526424407959
2025-09-19,15.204877853393555
2025-09-22,15.262948989868164
2025-09-23,15.446839332580566
2025-09-24,15.601696014404297
2025-09-25,15.475873947143555
2025-09-26,15.775906562805176
2025-09-29,15.417804718017578
2025-09-30,15.379090309143066
2025-10-01,15.137127876281738
2025-10-02,15.079056739807129
2025-10-03,15.272626876831055
2025-10-06,15.708157539367676
2025-10-07,15.24359130859375
2025-10-08,15.17584228515625
2025-10-09,15.233912467956543
2025-10-10,14.575778007507324
2025-10-13,14.779025077819824
2025-10-14,14.808060646057129
2025-10-15,14.95323657989502
2025-10-16,14.866130828857422
2025-10-17,14.556419372558594
2025-10-20,14.97259521484375
2025-10-21,15.495231628417969
2025-10-22,15.24359130859375
2025-10-23,15.291983604431152
2025-10-24,15.485552787780762
2025-10-27,15.475873947143555
2025-10-28,15.524267196655273
2025-10-29,14.672561645507812
2025-10-30,15.011308670043945
2025-10-31,11.033455848693848
2025-11-03,11.943233489990234
2025-11-04,11.585129737854004
2025-11-05,11.962590217590332
2025-11-06,11.807734489440918
2025-11-07,11.846447944641113
2025-11-10,12.252943992614746
2025-11-11,12.48522663116455
2025-11-12,12.436835289001465
2025-11-13,12.14648151397705
2025-11-14,12.381006240844727
2025-11-17,11.765376091003418
2025-11-18,11.75560474395752
2025-11-19,11.82400894165039
2025-11-20,11.618799209594727
2025-11-21,11.716516494750977
2025-11-24,11.794692039489746
2025-11-25,11.941271781921387
2025-11-26,11.911954879760742
2025-11-28,11.921727180480957
2025-12-01,11.911954879760742
2025-12-02,12.058533668518066
2025-12-03,12.107393264770508
2025-12-04,12.048761367797852
2025-12-05,11.941271781921387
2025-12-08,12.166025161743164
2025-12-09,12.52758502960205
2025-12-10,12.889145851135254
2025-12-11,12.938004493713379
2025-12-12,12.66439151763916
2025-12-15,12.22465705871582
2025-12-16,12.517813682556152
2025-12-17,12.32237434387207
2025-12-18,12.449409484863281
2025-12-19,12.488497734069824
2025-12-22,12.468954086303711
2025-12-23,12.498270034790039
2025-12-24,12.478726387023926
2025-12-26,12.625304222106934
2025-12-29,12.654620170593262
2025-12-30,12.703479766845703
2025-12-31,12.54712963104248
2026-01-02,12.009674072265625
2026-01-05,12.468954086303711
2026-01-06,12.537357330322266
2026-01-07,12.86960220336914
2026-01-08,12.723024368286133
2026-01-09,12.801198959350586
2026-01-12,12.732794761657715
2026-01-13,12.615531921386719
2026-01-14,12.429866790771484
2026-01-15,12.185568809509277
2026-01-16,11.540623664855957
2026-01-20,11.286553382873535
2026-01-21,11.579710960388184
2026-01-22,11.99990177154541
2026-01-23,11.618799209594727
2026-01-26,11.75560474395752
2026-01-27,11.745833396911621
2026-01-28,11.41358757019043
2026-01-29,11.384271621704102
2026-01-30,11.511306762695312
2026-02-02,11.648113250732422
2026-02-03,10.944536209106445
2026-02-04,10.856589317321777
2026-02-05,10.446168899536133
2026-02-06,10.993396759033203
2026-02-09,11.09111499786377
2026-02-10,11.306097030639648
2026-02-11,10.72955322265625
2026-02-12,10.55366039276123
2026-02-13,10.983624458312988
2026-02-17,10.885905265808105
2026-02-18,10.93476390838623
2026-02-19,11.120430946350098
2026-02-20,11.120430946350098
2026-02-23,10.504800796508789
2026-02-24,10.592747688293457
2026-02-25,10.885905265808105
2026-02-26,11.110658645629883
2026-02-27,10.788186073303223
2026-03-02,10.240959167480469
2026-03-03,10.23118782043457
2026-03-04,10.28981876373291
2026-03-05,10.719782829284668
2026-03-06,10.641608238220215
2026-03-09,10.61229133605957
2026-03-10,10.602519989013672
2026-03-11,10.573204040527344
2026-03-12,10.446168899536133
2026-03-13,10.436277389526367
2026-03-16,10.268109321594238
2026-03-17,10.357139587402344
2026-03-18,10.248324394226074
2026-03-19,10.33735466003418
2026-03-20,10.297785758972168
2026-03-23,10.733043670654297
2026-03-24,10.515414237976074
2026-03-25,10.574767112731934
2026-03-26,10.525306701660156
2026-03-27,10.04058837890625
2026-03-30,10.060373306274414
2026-03-31,10.416492462158203
2026-04-01,10.495630264282227
2026-04-02,10.574767112731934
2026-04-06,10.742935180664062
2026-04-07,10.871533393859863
2026-04-08,10.930887222290039
2026-04-09,10.653905868530273
2026-04-10,10.485738754272461
2026-04-13,10.822072982788086
2026-04-14,10.81218147277832
2026-04-15,11.039701461791992
2026-04-16,11.207868576049805
2026-04-17,11.366144180297852
2026-04-20,11.316682815551758
2026-04-21,11.494742393493652
2026-04-22,11.583772659301758
2026-04-23,11.059486389160156
2026-04-24,11.217761039733887
2026-04-27,11.316682815551758
2026-04-28,11.385929107666016
2026-04-29,11.366144180297852
2026-04-30,11.455174446105957
2026-05-01,11.415605545043945
2026-05-04,11.801401138305664
2026-05-05,11.821185111999512
2026-05-06,11.672802925109863
2026-05-07,12.01902961730957
2026-05-08,12.098167419433594
2026-05-11,11.712371826171875
2026-05-12,11.821185111999512
2026-05-13,11.930000305175781
2026-05-14,12.180000305175781
2026-05-15,12.260000228881836
2026-05-18,12.34000015258789
2026-05-19,12.489999771118164
2026-05-20,12.880000114440918
2026-05-21,12.819999694824219
2026-05-22,13.119999885559082
2026-05-26,13.710000038146973
2026-05-27,13.5600004196167
2026-05-28,13.90999984741211
2026-05-29,14.4399995803833
2026-06-01,15.539999961853027
2026-06-02,15.34000015258789
2026-06-03,14.4399995803833
2026-06-04,14.720000267028809
2026-06-05,14.149999618530273
2026-06-08,14.170000076293945
2026-06-09,13.970000267028809
2026-06-10,14.130000114440918
2026-06-11,14.3100004196167
2026-06-12,14.329999923706055
2026-06-15,14.229999542236328
2026-06-16,14.260000228881836
2026-06-17,13.729999542236328
2026-06-18,13.5
2026-06-22,13.319999694824219
2026-06-23,13.5600004196167
2026-06-24,13.520000457763672
2026-06-25,13.529999732971191
2026-06-26,14.15999984741211
2026-06-29,14.3100004196167
2026-06-30,14.350000381469727
2026-07-01,14.739999771118164
2026-07-02,14.4399995803833
2026-07-06,15.09000015258789
2026-07-07,14.819999694824219
2026-07-08,14.739999771118164
2026-07-09,15.210000038146973
2026-07-10,15.170000076293945
2026-07-13,15.09000015258789
2026-07-14,15.149999618530273
