Date,Close
2022-10-05,24.86602783203125
2022-10-06,24.59263038635254
2022-10-07,24.067180633544922
2022-10-10,24.062332153320312
2022-10-11,24.07493782043457
2022-10-12,23.87812614440918
2022-10-13,24.306638717651367
2022-10-14,23.748220443725586
2022-10-17,24.25525665283203
2022-10-18,24.693458557128906
2022-10-19,24.35219955444336
2022-10-20,24.150550842285156
2022-10-21,24.63141632080078
2022-10-24,24.904802322387695
2022-10-25,25.42249870300293
2022-10-26,25.463220596313477
2022-10-27,25.429288864135742
2022-10-28,25.993518829345703
2022-10-31,25.92856788635254
2022-11-01,25.980920791625977
2022-11-02,25.380813598632812
2022-11-03,25.13262939453125
2022-11-04,25.31003761291504
2022-11-07,25.611549377441406
2022-11-08,25.770544052124023
2022-11-09,25.299379348754883
2022-11-10,26.499588012695312
2022-11-11,26.538366317749023
2022-11-14,26.245582580566406
2022-11-15,26.413305282592773
2022-11-16,26.26206398010254
2022-11-17,26.144760131835938
2022-11-18,26.424938201904297
2022-11-21,26.471471786499023
2022-11-22,26.68572425842285
2022-11-23,26.795272827148438
2022-11-25,26.929061889648438
2022-11-28,26.55872344970703
2022-11-29,26.590713500976562
2022-11-30,27.158830642700195
2022-12-01,27.158830642700195
2022-12-02,27.208269119262695
2022-12-05,26.694448471069336
2022-12-06,26.471471786499023
2022-12-07,26.35125732421875
2022-12-08,26.548059463500977
2022-12-09,26.37646484375
2022-12-12,26.67974281311035
2022-12-13,26.742923736572266
2022-12-14,26.664186477661133
2022-12-15,26.086793899536133
2022-12-16,25.937101364135742
2022-12-19,25.598825454711914
2022-12-20,25.656177520751953
2022-12-21,26.016801834106445
2022-12-22,25.742691040039062
2022-12-23,25.93126678466797
2022-12-27,25.987646102905273
2022-12-28,25.667842864990234
2022-12-29,26.053747177124023
2022-12-30,25.909883499145508
2023-01-03,25.969181060791016
2023-01-04,26.078044891357422
2023-01-05,25.80004119873047
2023-01-06,26.43478775024414
2023-01-09,26.240379333496094
2023-01-10,26.439645767211914
2023-01-11,26.71376609802246
2023-01-12,26.825546264648438
2023-01-13,26.959692001342773
2023-01-17,26.892623901367188
2023-01-18,26.57282066345215
2023-01-19,26.33174705505371
2023-01-20,26.759449005126953
2023-01-23,27.048147201538086
2023-01-24,26.983993530273438
2023-01-25,26.993711471557617
2023-01-26,27.15410041809082
2023-01-27,27.018985748291016
2023-01-30,26.9013671875
2023-01-31,27.46807098388672
2023-02-01,27.7139949798584
2023-02-02,27.997833251953125
2023-02-03,27.845230102539062
2023-02-06,27.528335571289062
2023-02-07,27.72566795349121
2023-02-08,27.515697479248047
2023-02-09,27.35337257385254
2023-02-10,27.510841369628906
2023-02-13,27.787874221801758
2023-02-14,27.74024200439453
2023-02-15,27.88216209411621
2023-02-16,27.757740020751953
2023-02-17,27.79953956604004
2023-02-21,27.251306533813477
2023-02-22,27.250337600708008
2023-02-23,27.37281036376953
2023-02-24,27.100637435913086
2023-02-27,27.070507049560547
2023-02-28,26.974271774291992
2023-03-01,26.918865203857422
2023-03-02,27.090917587280273
2023-03-03,27.27172088623047
2023-03-06,27.086055755615234
2023-03-07,26.815826416015625
2023-03-08,26.8226318359375
2023-03-09,26.36771583557129
2023-03-10,25.860309600830078
2023-03-13,25.65131950378418
2023-03-14,25.93612289428711
2023-03-15,25.580360412597656
2023-03-16,25.935150146484375
2023-03-17,25.489953994750977
2023-03-20,25.850587844848633
2023-03-21,26.18885612487793
2023-03-22,25.78351593017578
2023-03-23,25.649927139282227
2023-03-24,25.777666091918945
2023-03-27,26.055580139160156
2023-03-28,26.120912551879883
2023-03-29,26.351043701171875
2023-03-30,26.45830726623535
2023-03-31,26.869813919067383
2023-04-03,26.980005264282227
2023-04-04,26.728422164916992
2023-04-05,26.642608642578125
2023-04-06,26.63675880432129
2023-04-10,26.901020050048828
2023-04-11,27.067764282226562
2023-04-12,27.00340461730957
2023-04-13,27.256940841674805
2023-04-14,27.16918182373047
2023-04-17,27.256940841674805
2023-04-18,27.313499450683594
2023-04-19,27.160402297973633
2023-04-20,27.17112922668457
2023-04-21,27.212085723876953
2023-04-24,27.1662540435791
2023-04-25,26.637733459472656
2023-04-26,26.4115047454834
2023-04-27,27.040462493896484
2023-04-28,27.37493324279785
2023-05-01,27.436365127563477
2023-05-02,26.94392204284668
2023-05-03,26.766447067260742
2023-05-04,26.465139389038086
2023-05-05,26.84056282043457
2023-05-08,26.76157569885254
2023-05-09,26.593849182128906
2023-05-10,26.612377166748047
2023-05-11,26.469032287597656
2023-05-12,26.45830726623535
2023-05-15,26.583126068115234
2023-05-16,26.364696502685547
2023-05-17,26.73329734802246
2023-05-18,27.009260177612305
2023-05-19,26.93709945678711
2023-05-22,27.009260177612305
2023-05-23,26.778154373168945
2023-05-24,26.502187728881836
2023-05-25,26.556793212890625
2023-05-26,26.87664222717285
2023-05-30,26.73719596862793
2023-05-31,26.558746337890625
2023-06-01,26.676738739013672
2023-06-02,27.452943801879883
2023-06-05,27.248167037963867
2023-06-06,27.593364715576172
2023-06-07,27.898582458496094
2023-06-08,27.9112548828125
2023-06-09,27.91905975341797
2023-06-12,28.08385467529297
2023-06-13,28.349092483520508
2023-06-14,28.024368286132812
2023-06-15,28.351041793823242
2023-06-16,28.27985382080078
2023-06-20,28.08483123779297
2023-06-21,28.04582405090332
2023-06-22,27.95791244506836
2023-06-23,27.661945343017578
2023-06-26,27.8573055267334
2023-06-27,28.25876808166504
2023-06-28,28.242158889770508
2023-06-29,28.60552978515625
2023-06-30,28.813589096069336
2023-07-03,28.919086456298828
2023-07-05,28.709074020385742
2023-07-06,28.40723991394043
2023-07-07,28.44923973083496
2023-07-10,28.775495529174805
2023-07-11,29.058765411376953
2023-07-12,29.14667510986328
2023-07-13,29.3938045501709
2023-07-14,29.3361759185791
2023-07-17,29.517860412597656
2023-07-18,29.780620574951172
2023-07-19,29.82750129699707
2023-07-20,29.703453063964844
2023-07-21,29.634098052978516
2023-07-24,29.709314346313477
2023-07-25,29.76304054260254
2023-07-26,29.610658645629883
2023-07-27,29.340084075927734
2023-07-28,29.518836975097656
2023-07-31,29.638004302978516
2023-08-01,29.559864044189453
2023-08-02,29.301010131835938
2023-08-03,29.33519744873047
2023-08-04,29.11053466796875
2023-08-07,29.373289108276367
2023-08-08,29.236543655395508
2023-08-09,29.210168838500977
2023-08-10,29.275615692138672
2023-08-11,29.326406478881836
2023-08-14,29.342037200927734
2023-08-15,29.049970626831055
2023-08-16,28.80284309387207
2023-08-17,28.44631004333496
2023-08-18,28.522499084472656
2023-08-21,28.510780334472656
2023-08-22,28.47268295288086
2023-08-23,28.74423599243164
2023-08-24,28.614320755004883
2023-08-25,28.652416229248047
2023-08-28,28.952295303344727
2023-08-29,29.288314819335938
2023-08-30,29.296123504638672
2023-08-31,29.19161033630371
2023-09-01,29.366456985473633
2023-09-05,28.874147415161133
2023-09-06,28.821401596069336
2023-09-07,28.611391067504883
2023-09-08,28.61725425720215
2023-09-11,28.64851188659668
2023-09-12,28.55082893371582
2023-09-13,28.399423599243164
2023-09-14,28.733491897583008
2023-09-15,28.491247177124023
2023-09-18,28.554737091064453
2023-09-19,28.508827209472656
2023-09-20,28.488317489624023
2023-09-21,28.062341690063477
2023-09-22,28.04275894165039
2023-09-25,28.117176055908203
2023-09-26,27.72743797302246
2023-09-27,27.852779388427734
2023-09-28,28.23468780517578
2023-09-29,28.048625946044922
2023-10-02,27.8968505859375
2023-10-03,27.48262596130371
2023-10-04,27.728416442871094
2023-10-05,27.64518165588379
2023-10-06,27.863550186157227
2023-10-09,28.146556854248047
2023-10-10,28.32869529724121
2023-10-11,28.42074966430664
2023-10-12,28.00750732421875
2023-10-13,27.900766372680664
2023-10-16,28.22979164123535
2023-10-17,28.324783325195312
2023-10-18,27.919368743896484
2023-10-19,27.539419174194336
2023-10-20,27.24956512451172
2023-10-23,27.0076904296875
2023-10-24,27.200603485107422
2023-10-25,26.74427032470703
2023-10-26,26.917598724365234
2023-10-27,26.658098220825195
2023-10-30,26.81085968017578
2023-10-31,27.137929916381836
2023-11-01,27.216272354125977
2023-11-02,27.798925399780273
2023-11-03,28.412912368774414
2023-11-06,28.302257537841797
2023-11-07,28.361989974975586
2023-11-08,28.29344367980957
2023-11-09,27.97812271118164
2023-11-10,28.369829177856445
2023-11-13,28.314987182617188
2023-11-14,29.108177185058594
2023-11-15,29.169870376586914
2023-11-16,28.9632511138916
2023-11-17,29.153223037719727
2023-11-20,29.258983612060547
2023-11-21,29.147350311279297
2023-11-22,29.30109214782715
2023-11-24,29.389223098754883
2023-11-27,29.3206729888916
2023-11-28,29.187498092651367
2023-11-29,29.15420150756836
2023-11-30,29.352014541625977
2023-12-01,29.78386116027832
2023-12-04,29.913122177124023
2023-12-05,29.583114624023438
2023-12-06,29.561573028564453
2023-12-07,29.702585220336914
2023-12-08,29.884721755981445
2023-12-11,30.10505485534668
2023-12-12,30.216686248779297
2023-12-13,30.806194305419922
2023-12-14,31.33107566833496
2023-12-15,31.172439575195312
2023-12-18,31.223356246948242
2023-12-19,31.449562072753906
2023-12-20,31.01575469970703
2023-12-21,31.353288650512695
2023-12-22,31.461217880249023
2023-12-26,31.598588943481445
2023-12-27,31.65157127380371
2023-12-28,31.661388397216797
2023-12-29,31.560321807861328
2024-01-02,31.463184356689453
2024-01-03,30.901939392089844
2024-01-04,30.825403213500977
2024-01-05,30.875442504882812
2024-01-08,31.32090950012207
2024-01-09,31.129573822021484
2024-01-10,31.209047317504883
2024-01-11,31.248302459716797
2024-01-12,31.165884017944336
2024-01-16,31.056968688964844
2024-01-17,30.904874801635742
2024-01-18,31.124671936035156
2024-01-19,31.39842414855957
2024-01-22,31.73203468322754
2024-01-23,31.624103546142578
2024-01-24,31.475936889648438
2024-01-25,31.540695190429688
2024-01-26,31.575042724609375
2024-01-29,31.79973602294922
2024-01-30,31.85075569152832
2024-01-31,31.456314086914062
2024-02-01,31.903745651245117
2024-02-02,31.866458892822266
2024-02-05,31.506357192993164
2024-02-06,31.522050857543945
2024-02-07,31.669239044189453
2024-02-08,31.727123260498047
2024-02-09,31.921403884887695
2024-02-12,32.15885925292969
2024-02-13,31.53285026550293
2024-02-14,31.960657119750977
2024-02-15,32.306034088134766
2024-02-16,32.1745491027832
2024-02-20,31.91257095336914
2024-02-21,31.813472747802734
2024-02-22,32.28837585449219
2024-02-23,32.569976806640625
2024-02-26,32.70635986328125
2024-02-27,32.83588790893555
2024-02-28,32.9732551574707
2024-02-29,33.19401931762695
2024-03-01,33.622798919677734
2024-03-04,33.66401672363281
2024-03-05,33.28134536743164
2024-03-06,33.44029998779297
2024-03-07,33.678733825683594
2024-03-08,33.526641845703125
2024-03-11,33.42460250854492
2024-03-12,33.53842544555664
2024-03-13,33.50114059448242
2024-03-14,33.280364990234375
2024-03-15,33.17635726928711
2024-03-18,33.169490814208984
2024-03-19,33.357887268066406
2024-03-20,33.73171615600586
2024-03-21,34.16826248168945
2024-03-22,33.9981689453125
2024-03-25,33.916561126708984
2024-03-26,33.95785903930664
2024-03-27,34.27936553955078
2024-03-28,34.4120979309082
2024-04-01,34.30001449584961
2024-04-02,33.94802474975586
2024-04-03,34.256752014160156
2024-04-04,33.89788818359375
2024-04-05,34.24691390991211
2024-04-08,34.27739715576172
2024-04-09,34.1427001953125
2024-04-10,33.587188720703125
2024-04-11,33.69730758666992
2024-04-12,33.14474868774414
2024-04-15,32.83307647705078
2024-04-16,32.81045150756836
2024-04-17,32.61677169799805
2024-04-18,32.56072998046875
2024-04-19,32.54204177856445
2024-04-22,32.64725112915039
2024-04-23,32.96875
2024-04-24,32.9677734375
2024-04-25,32.739662170410156
2024-04-26,32.77112579345703
2024-04-29,32.92844772338867
2024-04-30,32.481082916259766
2024-05-01,32.393577575683594
2024-05-02,32.52730178833008
2024-05-03,32.738685607910156
2024-05-06,33.09165573120117
2024-05-07,33.33647155761719
2024-05-08,33.13688659667969
2024-05-09,33.326637268066406
2024-05-10,33.38268280029297
2024-05-13,33.342369079589844
2024-05-14,33.44069290161133
2024-05-15,33.723854064941406
2024-05-16,33.706153869628906
2024-05-17,33.551795959472656
2024-05-20,33.54785919189453
2024-05-21,33.37580490112305
2024-05-22,33.1840705871582
2024-05-23,32.9658088684082
2024-05-24,33.03659439086914
2024-05-28,32.7327880859375
2024-05-29,32.46437454223633
2024-05-30,32.6049690246582
2024-05-31,32.96974563598633
2024-06-03,32.787841796875
2024-06-04,32.63642883300781
2024-06-05,32.83898162841797
2024-06-06,32.73769760131836
2024-06-07,32.623653411865234
2024-06-10,32.6964111328125
2024-06-11,32.65708541870117
2024-06-12,32.91172409057617
2024-06-13,32.783912658691406
2024-06-14,32.47223663330078
2024-06-17,32.786861419677734
2024-06-18,32.813411712646484
2024-06-20,32.845855712890625
2024-06-21,33.030696868896484
2024-06-24,33.147701263427734
2024-06-25,32.84782409667969
2024-06-26,32.790802001953125
2024-06-27,32.82429885864258
2024-06-28,32.950401306152344
2024-07-01,32.646949768066406
2024-07-02,32.72773361206055
2024-07-03,32.728729248046875
2024-07-05,32.59571838378906
2024-07-08,32.75729751586914
2024-07-09,32.57798767089844
2024-07-10,32.85680389404297
2024-07-11,33.50410842895508
2024-07-12,33.88638687133789
2024-07-15,34.09427261352539
2024-07-16,34.999698638916016
2024-07-17,34.810543060302734
2024-07-18,34.50904846191406
2024-07-19,34.24796676635742
2024-07-22,34.58393096923828
2024-07-23,34.58295822143555
2024-07-24,33.99180221557617
2024-07-25,34.48540496826172
2024-07-26,34.981971740722656
2024-07-29,34.96621322631836
2024-07-30,35.36030578613281
2024-07-31,35.4479866027832
2024-08-01,34.777042388916016
2024-08-02,34.22333526611328
2024-08-05,33.20558166503906
2024-08-06,33.49031448364258
2024-08-07,33.193756103515625
2024-08-08,33.803627014160156
2024-08-09,34.03318405151367
2024-08-12,33.7868766784668
2024-08-13,34.260772705078125
2024-08-14,34.40165710449219
2024-08-15,34.88640213012695
2024-08-16,34.953399658203125
2024-08-19,35.28050231933594
2024-08-20,35.20561981201172
2024-08-21,35.66474151611328
2024-08-22,35.52385330200195
2024-08-23,36.06573486328125
2024-08-26,36.003665924072266
2024-08-27,35.96721649169922
2024-08-28,36.01449966430664
2024-08-29,36.17903518676758
2024-08-30,36.40761184692383
2024-09-03,35.73469543457031
2024-09-04,35.77706527709961
2024-09-05,35.452919006347656
2024-09-06,34.98295593261719
2024-09-09,35.10906219482422
2024-09-10,35.133697509765625
2024-09-11,35.15340042114258
2024-09-12,35.35438919067383
2024-09-13,35.83518981933594
2024-09-16,36.09529495239258
2024-09-17,36.09529495239258
2024-09-18,36.13568878173828
2024-09-19,36.643089294433594
2024-09-20,36.561317443847656
2024-09-23,36.77116775512695
2024-09-24,36.72880172729492
2024-09-25,36.506141662597656
2024-09-26,36.877166748046875
2024-09-27,37.01433181762695
2024-09-30,37.10215377807617
2024-10-01,36.803157806396484
2024-10-02,36.723228454589844
2024-10-03,36.599884033203125
2024-10-04,36.83473587036133
2024-10-07,36.576202392578125
2024-10-08,36.81303024291992
2024-10-09,37.104129791259766
2024-10-10,36.9018440246582
2024-10-11,37.276817321777344
2024-10-14,37.50772476196289
2024-10-15,37.36464309692383
2024-10-16,37.708038330078125
2024-10-17,37.778106689453125
2024-10-18,37.71198654174805
2024-10-21,37.331092834472656
2024-10-22,37.03505325317383
2024-10-23,36.84263229370117
2024-10-24,37.11104202270508
2024-10-25,36.86039733886719
2024-10-28,36.98176956176758
2024-10-29,36.99163818359375
2024-10-30,36.98176956176758
2024-10-31,36.40055465698242
2024-11-01,36.35713195800781
2024-11-04,36.5387077331543
2024-11-05,36.99360656738281
2024-11-06,38.279396057128906
2024-11-07,38.31097412109375
2024-11-08,38.51720428466797
2024-11-11,38.88528060913086
2024-11-12,38.582332611083984
2024-11-13,38.47773742675781
2024-11-14,37.849151611328125
2024-11-15,37.26892852783203
2024-11-18,37.17616653442383
2024-11-19,36.99953079223633
2024-11-20,37.24031066894531
2024-11-21,37.765281677246094
2024-11-22,38.24386978149414
2024-11-25,38.7875862121582
2024-11-26,38.7777214050293
2024-11-27,38.61785888671875
2024-11-29,38.7194938659668
2024-12-02,38.77081298828125
2024-12-03,38.602073669433594
2024-12-04,38.66917037963867
2024-12-05,38.40372848510742
2024-12-06,38.380043029785156
2024-12-09,38.24189376831055
2024-12-10,37.985328674316406
2024-12-11,38.1274299621582
2024-12-12,38.15703201293945
2024-12-13,38.195518493652344
2024-12-16,38.18564224243164
2024-12-17,37.775142669677734
2024-12-18,36.80513000488281
2024-12-19,36.640342712402344
2024-12-20,36.88703536987305
2024-12-23,37.01631164550781
2024-12-24,37.25017166137695
2024-12-26,37.42483139038086
2024-12-27,37.06815719604492
2024-12-30,36.82509994506836
2024-12-31,36.76384353637695
2025-01-02,36.65614318847656
2025-01-03,36.994049072265625
2025-01-06,37.012821197509766
2025-01-07,36.788543701171875
2025-01-08,36.950584411621094
2025-01-10,36.38740158081055
2025-01-13,36.68776321411133
2025-01-14,37.08100128173828
2025-01-15,37.51573944091797
2025-01-16,37.68765640258789
2025-01-17,37.89415740966797
2025-01-21,38.566017150878906
2025-01-22,38.512664794921875
2025-01-23,38.62332534790039
2025-01-24,38.653953552246094
2025-01-27,38.294307708740234
2025-01-28,38.26665115356445
2025-01-29,38.16191101074219
2025-01-30,38.31209182739258
2025-01-31,38.18364715576172
2025-02-03,37.94059371948242
2025-02-04,38.089786529541016
2025-02-05,38.404964447021484
2025-02-06,38.22712326049805
2025-02-07,37.93565368652344
2025-02-10,38.145111083984375
2025-02-11,37.96627426147461
2025-02-12,37.850677490234375
2025-02-13,38.24589538574219
2025-02-14,38.0947265625
2025-02-18,38.14906692504883
2025-02-19,38.15302276611328
2025-02-20,37.8101692199707
2025-02-21,36.677886962890625
2025-02-24,36.55931854248047
2025-02-25,36.69468307495117
2025-02-26,36.53757858276367
2025-02-27,36.27081298828125
2025-02-28,36.631446838378906
2025-03-03,36.000091552734375
2025-03-04,35.624637603759766
2025-03-05,36.016883850097656
2025-03-06,35.54559326171875
2025-03-07,35.94575119018555
2025-03-10,35.27783203125
2025-03-11,34.922142028808594
2025-03-12,34.73836898803711
2025-03-13,34.2463264465332
2025-03-14,34.938941955566406
2025-03-17,35.49422073364258
2025-03-18,35.36972427368164
2025-03-19,35.735294342041016
2025-03-20,35.50310516357422
2025-03-21,35.3094482421875
2025-03-24,35.995147705078125
2025-03-25,35.93883514404297
2025-03-26,35.827186584472656
2025-03-27,35.75590133666992
2025-03-28,35.15690994262695
2025-03-31,35.285621643066406
2025-04-01,35.397499084472656
2025-04-02,35.9063835144043
2025-04-03,34.16389083862305
2025-04-04,32.62137985229492
2025-04-07,32.20060729980469
2025-04-08,31.692707061767578
2025-04-09,34.14210891723633
2025-04-10,33.20848083496094
2025-04-11,33.704498291015625
2025-04-14,33.98468780517578
2025-04-15,33.89162063598633
2025-04-16,33.4332275390625
2025-04-17,33.33224105834961
2025-04-21,32.52336120605469
2025-04-22,33.203529357910156
2025-04-23,33.84211730957031
2025-04-24,34.46684646606445
2025-04-25,34.515357971191406
2025-04-28,34.59654235839844
2025-04-29,34.70643997192383
2025-04-30,34.78267288208008
2025-05-01,34.80049514770508
2025-05-02,35.261863708496094
2025-05-05,35.27671813964844
2025-05-06,35.287601470947266
2025-05-07,35.39254379272461
2025-05-08,35.62422180175781
2025-05-09,35.46086883544922
2025-05-12,36.41923522949219
2025-05-13,36.35389709472656
2025-05-14,36.08757019042969
2025-05-15,36.30934524536133
2025-05-16,36.76179885864258
2025-05-19,36.70041275024414
2025-05-20,36.675662994384766
2025-05-21,35.88460159301758
2025-05-22,35.732139587402344
2025-05-23,35.39254379272461
2025-05-27,36.020240783691406
2025-05-28,35.7717399597168
2025-05-29,35.781639099121094
2025-05-30,35.864803314208984
2025-06-02,35.67768478393555
2025-06-03,36.15489196777344
2025-06-04,36.079647064208984
2025-06-05,35.857872009277344
2025-06-06,36.22815704345703
2025-06-09,36.1925163269043
2025-06-10,36.24300765991211
2025-06-11,36.079647064208984
2025-06-12,36.265777587890625
2025-06-13,35.663822174072266
2025-06-16,36.057861328125
2025-06-17,35.85292434692383
2025-06-18,35.81332015991211
2025-06-20,35.75688934326172
2025-06-23,36.1202392578125
2025-06-24,36.50636291503906
2025-06-25,36.258846282958984
2025-06-26,36.50785827636719
2025-06-27,36.9026985168457
2025-06-30,37.040592193603516
2025-07-01,37.478092193603516
2025-07-02,37.534637451171875
2025-07-03,37.843170166015625
2025-07-07,37.58821105957031
2025-07-08,37.512813568115234
2025-07-09,37.55944061279297
2025-07-10,37.491981506347656
2025-07-11,36.917579650878906
2025-07-14,37.06836700439453
2025-07-15,36.557456970214844
2025-07-16,36.59812927246094
2025-07-17,36.90567398071289
2025-07-18,36.825313568115234
2025-07-21,36.72710037231445
2025-07-22,37.28364944458008
2025-07-23,37.86697769165039
2025-07-24,37.313411712646484
2025-07-25,37.637813568115234
2025-07-28,37.55546951293945
2025-07-29,37.60408020019531
2025-07-30,37.45527648925781
2025-07-31,36.91360855102539
2025-08-01,36.30150604248047
2025-08-04,36.82630920410156
2025-08-05,36.84019470214844
2025-08-06,36.93940353393555
2025-08-07,36.65071105957031
2025-08-08,36.866981506347656
2025-08-11,36.7013053894043
2025-08-12,37.361026763916016
2025-08-13,38.05546951293945
2025-08-14,37.68444061279297
2025-08-15,37.55447769165039
2025-08-18,37.663604736328125
2025-08-19,37.704280853271484
2025-08-20,37.50884246826172
2025-08-21,37.395751953125
2025-08-22,38.203285217285156
2025-08-25,38.01082229614258
2025-08-26,37.956260681152344
2025-08-27,38.23602294921875
2025-08-28,38.141780853271484
2025-08-29,38.11797332763672
2025-09-02,37.92649841308594
2025-09-03,37.94733428955078
2025-09-04,38.364994049072266
2025-09-05,38.51876449584961
2025-09-08,38.58622360229492
2025-09-09,38.36003112792969
2025-09-10,38.36003112792969
2025-09-11,39.099117279052734
2025-09-12,38.60308837890625
2025-09-15,38.55844497680664
2025-09-16,38.37392044067383
2025-09-17,38.343170166015625
2025-09-18,38.64078903198242
2025-09-19,38.456260681152344
2025-09-22,38.64773178100586
2025-09-23,38.56142044067383
2025-09-24,38.441383361816406
2025-09-25,37.91358184814453
2025-09-26,38.406593322753906
2025-09-29,38.36186599731445
2025-09-30,38.42150115966797
2025-10-01,38.54475402832031
2025-10-02,38.764427185058594
2025-10-03,38.71174621582031
2025-10-06,38.789276123046875
2025-10-07,38.486114501953125
2025-10-08,38.86183547973633
2025-10-09,38.506988525390625
2025-10-10,37.40068054199219
2025-10-13,37.927490234375
2025-10-14,38.35590362548828
2025-10-15,38.378761291503906
2025-10-16,38.12529373168945
2025-10-17,38.32807159423828
2025-10-20,38.65409469604492
2025-10-21,38.939369201660156
2025-10-22,38.62924575805664
2025-10-23,38.92844009399414
2025-10-24,39.14512252807617
2025-10-27,39.16798400878906
2025-10-28,38.995033264160156
2025-10-29,38.50201416015625
2025-10-30,38.49108123779297
2025-10-31,38.7077751159668
2025-11-03,38.64813232421875
2025-11-04,38.21773910522461
2025-11-05,38.57556915283203
2025-11-06,38.210777282714844
2025-11-07,38.57258605957031
2025-11-10,38.849910736083984
2025-11-11,39.032806396484375
2025-11-12,39.06361389160156
2025-11-13,38.46722412109375
2025-11-14,38.240596771240234
2025-11-17,37.71577072143555
2025-11-18,37.64619445800781
2025-11-19,37.57661437988281
2025-11-20,36.99513626098633
2025-11-21,37.76447677612305
2025-11-24,38.078575134277344
2025-11-25,38.719696044921875
2025-11-26,38.82307052612305
2025-11-28,38.95527267456055
2025-12-01,38.64117431640625
2025-12-02,38.68789291381836
2025-12-03,38.837982177734375
2025-12-04,39.06759262084961
2025-12-05,39.15705108642578
2025-12-08,39.10834503173828
2025-12-09,39.15208435058594
2025-12-10,39.843894958496094
2025-12-11,40.417423248291016
2025-12-12,39.959197998046875
2025-12-15,39.81407928466797
2025-12-16,39.51091003417969
2025-12-17,39.374732971191406
2025-12-18,39.63913345336914
2025-12-19,39.86775207519531
2025-12-22,40.12221145629883
2025-12-23,40.08642578125
2025-12-24,40.169918060302734
2025-12-26,40.24844741821289
2025-12-29,40.046669006347656
2025-12-30,39.86739730834961
2025-12-31,39.46304702758789
2026-01-02,39.599491119384766
2026-01-05,40.019775390625
2026-01-06,40.663150787353516
2026-01-07,40.43408966064453
2026-01-08,40.37632369995117
2026-01-09,40.77569580078125
2026-01-12,40.90217971801758
2026-01-13,40.94599914550781
2026-01-14,40.909149169921875
2026-01-15,41.266693115234375
2026-01-16,41.010738372802734
2026-01-20,40.26079177856445
2026-01-21,40.75477981567383
2026-01-22,40.98782730102539
2026-01-23,40.75477981567383
2026-01-26,40.855369567871094
2026-01-27,40.43906784057617
2026-01-28,40.355411529541016
2026-01-29,40.19306945800781
2026-01-30,40.137298583984375
2026-02-02,40.62928771972656
2026-02-03,40.13032531738281
2026-02-04,39.8823356628418
2026-02-05,39.88831329345703
2026-02-06,40.904170989990234
2026-02-09,41.03961944580078
2026-02-10,41.088417053222656
2026-02-11,40.54364013671875
2026-02-12,40.184104919433594
2026-02-13,40.70697784423828
2026-02-17,40.67112350463867
2026-02-18,41.02268600463867
2026-02-19,41.034637451171875
2026-02-20,41.19896697998047
2026-02-23,40.505794525146484
2026-02-24,41.2049446105957
2026-02-25,41.38521194458008
2026-02-26,41.73080062866211
2026-02-27,41.54256820678711
2026-03-02,41.64714050292969
2026-03-03,41.34039306640625
2026-03-04,41.66506576538086
2026-03-05,40.777687072753906
2026-03-06,40.317562103271484
2026-03-09,40.68406677246094
2026-03-10,40.440059661865234
2026-03-11,40.37831497192383
2026-03-12,39.91819381713867
2026-03-13,39.88333511352539
2026-03-16,40.32154846191406
2026-03-17,40.6163444519043
2026-03-18,40.36735916137695
2026-03-19,40.59244155883789
2026-03-20,39.79568862915039
2026-03-23,40.59343338012695
2026-03-24,40.87628173828125
2026-03-25,41.06053161621094
2026-03-26,40.05158233642578
2026-03-27,39.655391693115234
2026-03-30,39.09952163696289
2026-03-31,40.05557632446289
2026-04-01,40.70425796508789
2026-04-02,41.253143310546875
2026-04-06,41.207237243652344
2026-04-07,41.42778778076172
2026-04-08,42.63233947753906
2026-04-09,42.502601623535156
2026-04-10,42.0565071105957
2026-04-13,42.59640884399414
2026-04-14,42.60738754272461
2026-04-15,42.601402282714844
2026-04-16,43.176231384277344
2026-04-17,43.8328971862793
2026-04-20,44.00654602050781
2026-04-21,43.75904846191406
2026-04-22,43.671226501464844
2026-04-23,43.249088287353516
2026-04-24,43.23411178588867
2026-04-27,43.27602767944336
2026-04-28,43.40476989746094
2026-04-29,43.512550354003906
2026-04-30,43.73110580444336
2026-05-01,43.480613708496094
2026-05-04,43.306968688964844
2026-05-05,43.70914840698242
2026-05-06,43.741085052490234
2026-05-07,43.67422103881836
2026-05-08,43.81293869018555
2026-05-11,43.263057708740234
2026-05-12,43.245094299316406
2026-05-13,42.84291076660156
2026-05-14,42.96965026855469
2026-05-15,42.641319274902344
2026-05-18,43.14229965209961
2026-05-19,42.824947357177734
2026-05-20,43.178226470947266
2026-05-21,43.14828872680664
2026-05-22,43.60635757446289
2026-05-26,43.67022705078125
2026-05-27,43.778011322021484
2026-05-28,44.12031173706055
2026-05-29,44.405731201171875
2026-06-01,44.86380386352539
2026-06-02,44.34785079956055
2026-06-03,44.09037399291992
2026-06-04,44.59035873413086
2026-06-05,44.319908142089844
2026-06-08,44.22210693359375
2026-06-09,44.75202941894531
2026-06-10,44.262027740478516
2026-06-11,44.657222747802734
2026-06-12,44.977569580078125
2026-06-15,44.81390380859375
2026-06-16,44.836856842041016
2026-06-17,44.01652526855469
2026-06-18,44.1562385559082
2026-06-22,44.09336853027344
2026-06-23,44.30693435668945
2026-06-24,44.76599884033203
2026-06-25,44.87799835205078
2026-06-26,45.58100128173828
2026-06-29,45.672000885009766
2026-06-30,45.85900115966797
2026-07-01,46.42599868774414
2026-07-02,46.792999267578125
2026-07-06,46.93899917602539
2026-07-07,47.13399887084961
2026-07-08,46.178001403808594
2026-07-09,46.470001220703125
2026-07-10,46.625999450683594
2026-07-13,46.948001861572266
2026-07-14,46.948001861572266
