Date,Close
1992-02-26,7.875
1992-02-27,7.78125
1992-02-28,7.6875
1992-03-02,7.9375
1992-03-03,8.0
1992-03-04,7.75
1992-03-05,7.6875
1992-03-06,7.75
1992-03-09,8.0
1992-03-10,8.1875
1992-03-11,8.0625
1992-03-12,8.1875
1992-03-13,8.4375
1992-03-16,8.125
1992-03-17,8.1875
1992-03-18,8.3125
1992-03-19,8.5625
1992-03-20,8.75
1992-03-23,8.75
1992-03-24,8.625
1992-03-25,8.65625
1992-03-26,8.3125
1992-03-27,7.875
1992-03-30,8.0
1992-03-31,8.0
1992-04-01,7.59375
1992-04-02,7.5
1992-04-03,7.5
1992-04-06,7.5625
1992-04-07,7.5625
1992-04-08,7.375
1992-04-09,7.46875
1992-04-10,7.5
1992-04-13,7.6875
1992-04-14,7.9375
1992-04-15,7.8125
1992-04-16,7.625
1992-04-20,7.34375
1992-04-21,6.8125
1992-04-22,6.625
1992-04-23,6.6875
1992-04-24,6.625
1992-04-27,6.3125
1992-04-28,6.625
1992-04-29,6.5
1992-04-30,7.25
1992-05-01,7.6875
1992-05-04,8.125
1992-05-05,8.375
1992-05-06,8.25
1992-05-07,8.375
1992-05-08,8.34375
1992-05-11,7.875
1992-05-12,7.53125
1992-05-13,7.25
1992-05-14,7.125
1992-05-15,7.375
1992-05-18,7.1875
1992-05-19,7.1875
1992-05-20,6.84375
1992-05-21,6.75
1992-05-22,6.875
1992-05-26,6.6875
1992-05-27,6.75
1992-05-28,6.875
1992-05-29,6.84375
1992-06-01,7.1875
1992-06-02,7.8125
1992-06-03,8.34375
1992-06-04,7.84375
1992-06-05,7.59375
1992-06-08,7.4375
1992-06-09,6.9375
1992-06-10,7.0
1992-06-11,7.25
1992-06-12,7.1875
1992-06-15,7.3125
1992-06-16,7.0625
1992-06-17,6.5
1992-06-18,6.375
1992-06-19,6.5625
1992-06-22,6.5
1992-06-23,6.75
1992-06-24,6.6875
1992-06-25,6.375
1992-06-26,6.5
1992-06-29,6.75
1992-06-30,7.0
1992-07-01,6.875
1992-07-02,6.625
1992-07-06,6.625
1992-07-07,6.4375
1992-07-08,6.5625
1992-07-09,6.625
1992-07-10,6.5625
1992-07-13,6.1875
1992-07-14,6.375
1992-07-15,6.3125
1992-07-16,6.3125
1992-07-17,6.375
1992-07-20,6.25
1992-07-21,6.21875
1992-07-22,6.25
1992-07-23,5.9375
1992-07-24,5.8125
1992-07-27,5.65625
1992-07-28,5.875
1992-07-29,6.03125
1992-07-30,6.4375
1992-07-31,6.5
1992-08-03,6.375
1992-08-04,6.25
1992-08-05,6.375
1992-08-06,6.40625
1992-08-07,6.5
1992-08-10,6.4375
1992-08-11,6.3125
1992-08-12,6.375
1992-08-13,6.3125
1992-08-14,6.3125
1992-08-17,6.3125
1992-08-18,6.21875
1992-08-19,6.21875
1992-08-20,5.9375
1992-08-21,5.875
1992-08-24,5.75
1992-08-25,5.875
1992-08-26,6.25
1992-08-27,6.34375
1992-08-28,6.375
1992-08-31,6.25
1992-09-01,6.28125
1992-09-02,6.3125
1992-09-03,6.25
1992-09-04,6.3125
1992-09-08,6.1875
1992-09-09,6.25
1992-09-10,6.625
1992-09-11,7.03125
1992-09-14,7.25
1992-09-15,7.25
1992-09-16,7.0625
1992-09-17,6.9375
1992-09-18,6.96875
1992-09-21,7.15625
1992-09-22,7.09375
1992-09-23,7.03125
1992-09-24,7.03125
1992-09-25,6.6875
1992-09-28,6.875
1992-09-29,6.9375
1992-09-30,7.375
1992-10-01,7.3125
1992-10-02,6.9375
1992-10-05,6.625
1992-10-06,6.6875
1992-10-07,6.59375
1992-10-08,6.84375
1992-10-09,7.0625
1992-10-12,7.25
1992-10-13,7.25
1992-10-14,7.21875
1992-10-15,7.40625
1992-10-16,7.8125
1992-10-19,8.125
1992-10-20,7.8125
1992-10-21,8.125
1992-10-22,7.875
1992-10-23,7.625
1992-10-26,7.5
1992-10-27,7.25
1992-10-28,7.3125
1992-10-29,7.53125
1992-10-30,7.5625
1992-11-02,7.5625
1992-11-03,7.75
1992-11-04,7.8125
1992-11-05,8.0
1992-11-06,8.125
1992-11-09,8.3125
1992-11-10,8.0625
1992-11-11,8.25
1992-11-12,8.125
1992-11-13,8.125
1992-11-16,8.21875
1992-11-17,8.1875
1992-11-18,8.4375
1992-11-19,8.75
1992-11-20,8.625
1992-11-23,8.1875
1992-11-24,8.03125
1992-11-25,7.9375
1992-11-27,7.875
1992-11-30,7.8125
1992-12-01,7.625
1992-12-02,7.6875
1992-12-03,7.625
1992-12-04,7.90625
1992-12-07,8.1875
1992-12-08,8.3125
1992-12-09,8.375
1992-12-10,8.25
1992-12-11,8.3125
1992-12-14,8.3125
1992-12-15,8.3125
1992-12-16,8.3125
1992-12-17,8.5625
1992-12-18,8.625
1992-12-21,8.625
1992-12-22,8.65625
1992-12-23,8.75
1992-12-24,8.75
1992-12-28,8.625
1992-12-29,8.4375
1992-12-30,8.53125
1992-12-31,8.65625
1993-01-04,8.5625
1993-01-05,8.625
1993-01-06,9.1875
1993-01-07,9.25
1993-01-08,9.25
1993-01-11,9.125
1993-01-12,8.875
1993-01-13,8.875
1993-01-14,9.125
1993-01-15,9.3125
1993-01-18,9.375
1993-01-19,9.15625
1993-01-20,8.5
1993-01-21,8.53125
1993-01-22,8.375
1993-01-25,8.875
1993-01-26,9.0
1993-01-27,8.75
1993-01-28,8.625
1993-01-29,8.4375
1993-02-01,8.375
1993-02-02,8.71875
1993-02-03,8.4375
1993-02-04,7.9375
1993-02-05,7.71875
1993-02-08,7.6875
1993-02-09,7.53125
1993-02-10,7.8125
1993-02-11,7.625
1993-02-12,8.1875
1993-02-16,7.5625
1993-02-17,7.25
1993-02-18,7.75
1993-02-19,8.0625
1993-02-22,8.0
1993-02-23,7.875
1993-02-24,8.0
1993-02-25,8.0
1993-02-26,8.0
1993-03-01,8.125
1993-03-02,7.9375
1993-03-03,7.9375
1993-03-04,7.8125
1993-03-05,7.6875
1993-03-08,7.6875
1993-03-09,7.40625
1993-03-10,7.25
1993-03-11,7.0625
1993-03-12,7.21875
1993-03-15,7.125
1993-03-16,7.125
1993-03-17,7.0625
1993-03-18,6.875
1993-03-19,6.65625
1993-03-22,6.5
1993-03-23,6.75
1993-03-24,7.21875
1993-03-25,7.5625
1993-03-26,7.9375
1993-03-29,8.125
1993-03-30,8.34375
1993-03-31,8.375
1993-04-01,8.3125
1993-04-02,8.15625
1993-04-05,7.8125
1993-04-06,7.9375
1993-04-07,7.9375
1993-04-08,8.125
1993-04-12,8.0
1993-04-13,8.1875
1993-04-14,7.5
1993-04-15,8.0
1993-04-16,8.21875
1993-04-19,8.15625
1993-04-20,8.625
1993-04-21,8.75
1993-04-22,8.75
1993-04-23,8.75
1993-04-26,8.6875
1993-04-27,9.0
1993-04-28,8.625
1993-04-29,8.5
1993-04-30,8.78125
1993-05-03,8.8125
1993-05-04,9.125
1993-05-05,9.375
1993-05-06,9.28125
1993-05-07,9.125
1993-05-10,9.25
1993-05-11,9.1875
1993-05-12,9.125
1993-05-13,8.96875
1993-05-14,8.9375
1993-05-17,9.0
1993-05-18,9.0
1993-05-19,9.5
1993-05-20,10.3125
1993-05-21,10.25
1993-05-24,10.125
1993-05-25,10.5625
1993-05-26,10.4375
1993-05-27,10.25
1993-05-28,10.125
1993-06-01,10.3125
1993-06-02,10.3125
1993-06-03,10.75
1993-06-04,10.0625
1993-06-07,9.78125
1993-06-08,9.5
1993-06-09,9.8125
1993-06-10,9.75
1993-06-11,9.78125
1993-06-14,10.125
1993-06-15,9.75
1993-06-16,10.0
1993-06-17,10.0625
1993-06-18,10.0625
1993-06-21,9.6875
1993-06-22,9.5625
1993-06-23,9.90625
1993-06-24,9.75
1993-06-25,10.8125
1993-06-28,11.5
1993-06-29,11.5
1993-06-30,11.375
1993-07-01,10.875
1993-07-02,11.375
1993-07-06,11.3125
1993-07-07,11.1875
1993-07-08,11.25
1993-07-09,11.3125
1993-07-12,11.3125
1993-07-13,11.3125
1993-07-14,11.4375
1993-07-15,10.96875
1993-07-16,10.375
1993-07-19,10.3125
1993-07-20,11.21875
1993-07-21,11.1875
1993-07-22,11.25
1993-07-23,12.0
1993-07-26,12.1875
1993-07-27,12.5
1993-07-28,12.375
1993-07-29,12.40625
1993-07-30,12.1875
1993-08-02,12.5
1993-08-03,12.25
1993-08-04,12.1875
1993-08-05,12.46875
1993-08-06,12.6875
1993-08-09,12.8125
1993-08-10,12.75
1993-08-11,12.6875
1993-08-12,12.3125
1993-08-13,11.96875
1993-08-16,12.375
1993-08-17,12.3125
1993-08-18,12.625
1993-08-19,12.8125
1993-08-20,12.4375
1993-08-23,12.4375
1993-08-24,12.375
1993-08-25,12.15625
1993-08-26,12.125
1993-08-27,11.9375
1993-08-30,11.9375
1993-08-31,12.0625
1993-09-01,12.4375
1993-09-02,12.625
1993-09-03,12.5
1993-09-07,12.25
1993-09-08,11.75
1993-09-09,12.5
1993-09-10,12.5
1993-09-13,12.09375
1993-09-14,11.75
1993-09-15,11.8125
1993-09-16,11.6875
1993-09-17,11.1875
1993-09-20,11.53125
1993-09-21,11.3125
1993-09-22,11.625
1993-09-23,12.1875
1993-09-24,12.0625
1993-09-27,11.9375
1993-09-28,11.875
1993-09-29,11.9375
1993-09-30,11.875
1993-10-01,11.75
1993-10-04,11.75
1993-10-05,11.3125
1993-10-06,11.40625
1993-10-07,11.375
1993-10-08,11.25
1993-10-11,11.5
1993-10-12,12.125
1993-10-13,12.3125
1993-10-14,12.625
1993-10-15,12.8125
1993-10-18,12.625
1993-10-19,12.125
1993-10-20,11.75
1993-10-21,12.25
1993-10-22,12.28125
1993-10-25,12.0625
1993-10-26,11.9375
1993-10-27,12.5
1993-10-28,12.9375
1993-10-29,12.875
1993-11-01,12.875
1993-11-02,12.5
1993-11-03,11.9375
1993-11-04,11.8125
1993-11-05,12.21875
1993-11-08,12.5
1993-11-09,12.5
1993-11-10,12.375
1993-11-11,12.125
1993-11-12,12.1875
1993-11-15,12.125
1993-11-16,12.03125
1993-11-17,11.9375
1993-11-18,11.5
1993-11-19,11.375
1993-11-22,11.25
1993-11-23,11.65625
1993-11-24,11.8125
1993-11-26,11.78125
1993-11-29,11.3125
1993-11-30,11.3125
1993-12-01,11.625
1993-12-02,11.375
1993-12-03,11.875
1993-12-06,12.25
1993-12-07,12.0
1993-12-08,11.90625
1993-12-09,11.625
1993-12-10,11.71875
1993-12-13,11.75
1993-12-14,10.625
1993-12-15,10.5625
1993-12-16,10.5
1993-12-17,10.3125
1993-12-20,10.34375
1993-12-21,10.3125
1993-12-22,10.0625
1993-12-23,9.9375
1993-12-27,9.78125
1993-12-28,9.875
1993-12-29,10.375
1993-12-30,10.75
1993-12-31,11.3125
1994-01-03,10.9375
1994-01-04,10.78125
1994-01-05,10.625
1994-01-06,11.1875
1994-01-07,11.5
1994-01-10,11.75
1994-01-11,11.5
1994-01-12,11.9375
1994-01-13,11.6875
1994-01-14,11.5
1994-01-17,11.3125
1994-01-18,11.4375
1994-01-19,11.1875
1994-01-20,11.21875
1994-01-21,11.6875
1994-01-24,11.875
1994-01-25,11.4375
1994-01-26,11.40625
1994-01-27,11.375
1994-01-28,11.3125
1994-01-31,11.28125
1994-02-01,11.125
1994-02-02,10.9375
1994-02-03,11.0625
1994-02-04,10.625
1994-02-07,10.1875
1994-02-08,10.5
1994-02-09,10.6875
1994-02-10,10.78125
1994-02-11,10.75
1994-02-14,10.75
1994-02-15,11.3125
1994-02-16,11.625
1994-02-17,11.34375
1994-02-18,10.9375
1994-02-22,10.8125
1994-02-23,11.28125
1994-02-24,11.125
1994-02-25,11.21875
1994-02-28,11.21875
1994-03-01,11.15625
1994-03-02,11.0
1994-03-03,11.0
1994-03-04,11.0625
1994-03-07,10.875
1994-03-08,10.8125
1994-03-09,10.75
1994-03-10,10.625
1994-03-11,10.25
1994-03-14,10.21875
1994-03-15,10.1875
1994-03-16,10.09375
1994-03-17,10.875
1994-03-18,11.4375
1994-03-21,11.1875
1994-03-22,11.0625
1994-03-23,11.375
1994-03-24,11.1875
1994-03-25,11.375
1994-03-28,11.3125
1994-03-29,10.96875
1994-03-30,10.75
1994-03-31,10.9375
1994-04-04,10.65625
1994-04-05,11.375
1994-04-06,10.96875
1994-04-07,11.0
1994-04-08,11.125
1994-04-11,11.1875
1994-04-12,10.375
1994-04-13,10.0
1994-04-14,10.0
1994-04-15,10.125
1994-04-18,10.1875
1994-04-19,9.6875
1994-04-20,8.5
1994-04-21,9.078125
1994-04-22,9.0
1994-04-25,9.375
1994-04-26,9.5625
1994-04-28,9.5
1994-04-29,10.0
1994-05-02,10.0625
1994-05-03,9.75
1994-05-04,9.578125
1994-05-05,9.5625
1994-05-06,9.5625
1994-05-09,9.5625
1994-05-10,9.25
1994-05-11,9.25
1994-05-12,9.25
1994-05-13,9.25
1994-05-16,9.125
1994-05-17,9.03125
1994-05-18,9.3125
1994-05-19,10.0625
1994-05-20,9.9375
1994-05-23,10.0
1994-05-24,9.9375
1994-05-25,9.75
1994-05-26,9.625
1994-05-27,9.625
1994-05-31,9.46875
1994-06-01,10.25
1994-06-02,10.84375
1994-06-03,10.5
1994-06-06,10.4375
1994-06-07,10.0625
1994-06-08,9.75
1994-06-09,9.75
1994-06-10,10.0
1994-06-13,9.6875
1994-06-14,9.6875
1994-06-15,9.375
1994-06-16,9.4375
1994-06-17,9.3125
1994-06-20,9.0625
1994-06-21,8.875
1994-06-22,9.0625
1994-06-23,8.625
1994-06-24,9.0
1994-06-27,9.40625
1994-06-28,9.375
1994-06-29,9.5625
1994-06-30,9.375
1994-07-01,9.3125
1994-07-05,9.0625
1994-07-06,9.0625
1994-07-07,9.28125
1994-07-08,9.875
1994-07-11,9.78125
1994-07-12,9.875
1994-07-13,10.125
1994-07-14,9.6875
1994-07-15,9.125
1994-07-18,9.21875
1994-07-19,9.21875
1994-07-20,9.5
1994-07-21,9.75
1994-07-22,9.75
1994-07-25,9.75
1994-07-26,9.625
1994-07-27,9.5625
1994-07-28,9.34375
1994-07-29,9.625
1994-08-01,9.71875
1994-08-02,9.71875
1994-08-03,9.4375
1994-08-04,9.3125
1994-08-05,9.15625
1994-08-08,9.1875
1994-08-09,9.5
1994-08-10,9.875
1994-08-11,9.96875
1994-08-12,10.3125
1994-08-15,10.40625
1994-08-16,10.375
1994-08-17,10.3125
1994-08-18,10.1875
1994-08-19,10.25
1994-08-22,9.9375
1994-08-23,10.1875
1994-08-24,10.4375
1994-08-25,10.46875
1994-08-26,10.8125
1994-08-29,10.3125
1994-08-30,10.4375
1994-08-31,10.375
1994-09-01,10.1875
1994-09-02,10.15625
1994-09-06,10.34375
1994-09-07,11.28125
1994-09-08,11.25
1994-09-09,10.6875
1994-09-12,10.8125
1994-09-13,10.984375
1994-09-14,11.5
1994-09-15,11.9375
1994-09-16,11.8125
1994-09-19,11.65625
1994-09-20,11.375
1994-09-21,11.375
1994-09-22,11.3125
1994-09-23,11.71875
1994-09-26,11.3125
1994-09-27,11.40625
1994-09-28,11.390625
1994-09-29,11.28125
1994-09-30,11.3125
1994-10-03,11.375
1994-10-04,11.3125
1994-10-05,10.875
1994-10-06,10.625
1994-10-07,10.96875
1994-10-10,11.078125
1994-10-11,11.5625
1994-10-12,11.515625
1994-10-13,11.625
1994-10-14,11.34375
1994-10-17,11.59375
1994-10-18,11.625
1994-10-19,11.3125
1994-10-20,10.8125
1994-10-21,11.0
1994-10-24,10.84375
1994-10-25,10.75
1994-10-26,11.390625
1994-10-27,11.8125
1994-10-28,11.90625
1994-10-31,11.53125
1994-11-01,11.203125
1994-11-02,11.1875
1994-11-03,11.15625
1994-11-04,11.125
1994-11-07,11.3125
1994-11-08,11.515625
1994-11-09,11.4375
1994-11-10,11.4375
1994-11-11,11.28125
1994-11-14,11.40625
1994-11-15,11.5625
1994-11-16,11.5
1994-11-17,11.3125
1994-11-18,11.1875
1994-11-21,10.59375
1994-11-22,10.5625
1994-11-23,10.375
1994-11-25,10.5
1994-11-28,10.59375
1994-11-29,10.6875
1994-11-30,10.296875
1994-12-01,10.3125
1994-12-02,10.21875
1994-12-05,10.28125
1994-12-06,10.3125
1994-12-07,10.0625
1994-12-08,10.0
1994-12-09,10.75
1994-12-12,11.3125
1994-12-13,11.09375
1994-12-14,11.375
1994-12-15,11.375
1994-12-16,11.3125
1994-12-19,11.03125
1994-12-20,10.6875
1994-12-21,10.6875
1994-12-22,10.65625
1994-12-23,10.6875
1994-12-27,10.5
1994-12-28,10.6875
1994-12-29,10.734375
1994-12-30,10.9375
1995-01-03,11.21875
1995-01-04,10.875
1995-01-05,10.9375
1995-01-06,11.0625
1995-01-09,11.4375
1995-01-10,11.875
1995-01-11,11.625
1995-01-12,11.5625
1995-01-13,11.609375
1995-01-16,12.03125
1995-01-17,12.375
1995-01-18,12.5
1995-01-19,12.28125
1995-01-20,11.90625
1995-01-23,11.75
1995-01-24,11.9375
1995-01-25,11.75
1995-01-26,11.5
1995-01-27,11.5
1995-01-30,11.34375
1995-01-31,11.3125
1995-02-01,11.34375
1995-02-02,11.3125
1995-02-03,11.53125
1995-02-06,11.46875
1995-02-07,11.8125
1995-02-08,11.5
1995-02-09,11.6875
1995-02-10,12.21875
1995-02-13,11.9375
1995-02-14,12.0625
1995-02-15,12.21875
1995-02-16,12.5
1995-02-17,12.1875
1995-02-21,11.4375
1995-02-22,11.8125
1995-02-23,12.0
1995-02-24,11.9375
1995-02-27,11.71875
1995-02-28,11.8125
1995-03-01,12.21875
1995-03-02,12.75
1995-03-03,12.6875
1995-03-06,12.5625
1995-03-07,12.5625
1995-03-08,12.96875
1995-03-09,12.8125
1995-03-10,12.75
1995-03-13,12.625
1995-03-14,13.3125
1995-03-15,13.0625
1995-03-16,12.875
1995-03-17,12.59375
1995-03-20,12.90625
1995-03-21,12.6875
1995-03-22,12.5625
1995-03-23,12.5
1995-03-24,12.75
1995-03-27,13.125
1995-03-28,12.9375
1995-03-29,12.46875
1995-03-30,11.9375
1995-03-31,11.9375
1995-04-03,12.390625
1995-04-04,12.25
1995-04-05,12.0625
1995-04-06,12.125
1995-04-07,11.875
1995-04-10,11.84375
1995-04-11,11.84375
1995-04-12,12.625
1995-04-13,12.75
1995-04-17,12.484375
1995-04-18,12.5
1995-04-19,12.125
1995-04-20,12.25
1995-04-21,12.8125
1995-04-24,13.375
1995-04-25,13.375
1995-04-26,13.140625
1995-04-27,13.59375
1995-04-28,13.5625
1995-05-01,13.03125
1995-05-02,13.375
1995-05-03,14.03125
1995-05-04,13.53125
1995-05-05,13.4375
1995-05-08,13.65625
1995-05-09,13.375
1995-05-10,13.71875
1995-05-11,13.875
1995-05-12,14.3125
1995-05-15,14.375
1995-05-16,14.125
1995-05-17,14.21875
1995-05-18,14.3125
1995-05-19,14.59375
1995-05-22,14.40625
1995-05-23,14.3125
1995-05-24,13.6875
1995-05-25,14.375
1995-05-26,14.125
1995-05-30,13.75
1995-05-31,13.5625
1995-06-01,14.125
1995-06-02,14.375
1995-06-05,14.3125
1995-06-06,14.3125
1995-06-07,14.0
1995-06-08,14.53125
1995-06-09,14.625
1995-06-12,14.75
1995-06-13,14.78125
1995-06-14,14.65625
1995-06-15,14.9375
1995-06-16,15.0625
1995-06-19,14.875
1995-06-20,14.953125
1995-06-21,14.90625
1995-06-22,15.0
1995-06-23,15.28125
1995-06-26,15.21875
1995-06-27,15.015625
1995-06-28,15.0625
1995-06-29,14.9375
1995-06-30,15.65625
1995-07-03,15.5
1995-07-05,15.1875
1995-07-06,15.8125
1995-07-07,15.5625
1995-07-10,15.4375
1995-07-11,15.125
1995-07-12,16.0
1995-07-13,16.25
1995-07-14,16.0
1995-07-17,16.75
1995-07-18,16.375
1995-07-19,15.375
1995-07-20,15.125
1995-07-21,14.5625
1995-07-24,14.53125
1995-07-25,14.6875
1995-07-26,15.8125
1995-07-27,16.34375
1995-07-28,16.375
1995-07-31,16.125
1995-08-01,16.375
1995-08-02,15.125
1995-08-03,14.875
1995-08-04,15.0
1995-08-07,15.3125
1995-08-08,15.5
1995-08-09,15.6875
1995-08-10,14.6875
1995-08-11,14.640625
1995-08-14,14.875
1995-08-15,15.5
1995-08-16,15.46875
1995-08-17,15.3125
1995-08-18,16.15625
1995-08-21,15.1875
1995-08-22,15.4375
1995-08-23,15.46875
1995-08-24,15.125
1995-08-25,15.1875
1995-08-28,14.625
1995-08-29,14.5625
1995-08-30,14.625
1995-08-31,14.5
1995-09-01,14.3125
1995-09-05,14.375
1995-09-06,15.375
1995-09-07,15.625
1995-09-08,16.0
1995-09-11,16.375
1995-09-12,16.25
1995-09-13,16.125
1995-09-14,16.0
1995-09-15,15.375
1995-09-18,15.3125
1995-09-19,15.09375
1995-09-20,15.0
1995-09-21,16.375
1995-09-22,15.6875
1995-09-25,16.25
1995-09-26,15.1875
1995-09-27,15.75
1995-09-28,16.25
1995-09-29,15.375
1995-10-02,14.8125
1995-10-03,15.25
1995-10-04,14.625
1995-10-05,15.375
1995-10-06,14.625
1995-10-09,12.875
1995-10-10,14.25
1995-10-11,14.625
1995-10-12,14.5625
1995-10-13,14.125
1995-10-16,14.6875
1995-10-17,15.625
1995-10-18,16.25
1995-10-19,15.625
1995-10-20,16.125
1995-10-23,16.75
1995-10-24,18.34375
1995-10-25,17.5
1995-10-26,17.0
1995-10-27,17.3125
1995-10-30,17.875
1995-10-31,18.75
1995-11-01,17.75
1995-11-02,17.9375
1995-11-03,17.625
1995-11-06,17.125
1995-11-07,16.8125
1995-11-08,16.625
1995-11-09,18.0
1995-11-10,18.5
1995-11-13,17.75
1995-11-14,17.25
1995-11-15,17.0
1995-11-16,18.125
1995-11-17,18.5
1995-11-20,17.375
1995-11-21,17.4375
1995-11-22,16.875
1995-11-24,16.875
1995-11-27,17.75
1995-11-28,17.875
1995-11-29,17.875
1995-11-30,17.25
1995-12-01,17.6875
1995-12-04,19.0625
1995-12-05,18.0
1995-12-06,18.0
1995-12-07,17.875
1995-12-08,17.875
1995-12-11,17.75
1995-12-12,17.625
1995-12-13,17.125
1995-12-14,16.9609375
1995-12-15,16.8125
1995-12-18,16.375
1995-12-19,16.5
1995-12-20,17.0
1995-12-21,17.125
1995-12-22,17.375
1995-12-26,17.4375
1995-12-27,17.9375
1995-12-28,18.0
1995-12-29,19.0
1996-01-02,18.6875
1996-01-03,17.5625
1996-01-04,16.9375
1996-01-05,17.375
1996-01-08,18.0
1996-01-09,16.625
1996-01-10,16.0
1996-01-11,16.4296875
1996-01-12,17.0
1996-01-15,16.5
1996-01-16,16.71875
1996-01-17,14.875
1996-01-18,15.0
1996-01-19,16.625
1996-01-22,16.875
1996-01-23,16.875
1996-01-24,16.75
1996-01-25,16.0
1996-01-26,15.5625
1996-01-29,14.875
1996-01-30,15.1875
1996-01-31,14.625
1996-02-01,15.3125
1996-02-02,14.8125
1996-02-05,15.1875
1996-02-06,16.0
1996-02-07,17.0625
1996-02-08,17.375
1996-02-09,17.0
1996-02-12,17.5
1996-02-13,16.53125
1996-02-14,16.5
1996-02-15,16.875
1996-02-16,16.9375
1996-02-20,16.875
1996-02-21,16.6875
1996-02-22,17.0
1996-02-23,17.125
1996-02-26,16.75
1996-02-27,16.375
1996-02-28,16.4375
1996-02-29,16.375
1996-03-01,16.875
1996-03-04,16.28125
1996-03-05,16.8125
1996-03-06,16.4375
1996-03-07,16.5
1996-03-08,16.0
1996-03-11,16.1875
1996-03-12,15.875
1996-03-13,16.25
1996-03-14,16.125
1996-03-15,15.625
1996-03-18,15.5
1996-03-19,15.5
1996-03-20,15.4375
1996-03-21,15.0
1996-03-22,15.1875
1996-03-25,14.75
1996-03-26,14.75
1996-03-27,15.0
1996-03-28,15.75
1996-03-29,16.0
1996-04-01,16.1875
1996-04-02,16.25
1996-04-03,15.5625
1996-04-04,15.375
1996-04-08,15.5625
1996-04-09,16.0
1996-04-10,16.375
1996-04-11,15.9375
1996-04-12,15.5
1996-04-15,15.1875
1996-04-16,16.0625
1996-04-17,16.5625
1996-04-18,18.25
1996-04-19,18.25
1996-04-22,18.875
1996-04-23,20.0
1996-04-24,19.25
1996-04-25,19.375
1996-04-26,19.25
1996-04-29,20.0
1996-04-30,20.625
1996-05-01,20.75
1996-05-02,20.375
1996-05-03,20.125
1996-05-06,19.8125
1996-05-07,19.375
1996-05-08,21.0
1996-05-09,20.9375
1996-05-10,22.25
1996-05-13,22.8125
1996-05-14,22.125
1996-05-15,22.625
1996-05-16,22.625
1996-05-17,22.1875
1996-05-20,21.4375
1996-05-21,21.8125
1996-05-22,21.9375
1996-05-23,22.75
1996-05-24,23.0
1996-05-28,22.1875
1996-05-29,20.375
1996-05-30,21.5
1996-05-31,22.375
1996-06-03,22.75
1996-06-04,21.8125
1996-06-05,22.71875
1996-06-06,21.75
1996-06-07,22.25
1996-06-10,21.875
1996-06-11,22.25
1996-06-12,21.6875
1996-06-13,20.625
1996-06-14,20.5
1996-06-17,20.625
1996-06-18,19.125
1996-06-19,18.5
1996-06-20,20.0
1996-06-21,20.0625
1996-06-24,20.5
1996-06-25,20.375
1996-06-26,19.5
1996-06-27,19.625
1996-06-28,19.875
1996-07-01,20.0
1996-07-02,20.0
1996-07-03,19.25
1996-07-05,18.8125
1996-07-08,18.125
1996-07-09,18.1875
1996-07-10,18.75
1996-07-11,18.375
1996-07-12,18.75
1996-07-15,17.3125
1996-07-16,16.875
1996-07-17,17.375
1996-07-18,17.3125
1996-07-19,17.5
1996-07-22,17.75
1996-07-23,17.375
1996-07-24,16.625
1996-07-25,16.5
1996-07-26,18.125
1996-07-29,18.0
1996-07-30,18.375
1996-07-31,18.625
1996-08-01,19.5
1996-08-02,20.0
1996-08-05,20.0
1996-08-06,20.125
1996-08-07,20.75
1996-08-08,20.625
1996-08-09,20.0
1996-08-12,18.625
1996-08-13,18.75
1996-08-14,18.875
1996-08-15,18.75
1996-08-16,18.96875
1996-08-19,18.796875
1996-08-20,18.75
1996-08-21,18.8125
1996-08-22,19.125
1996-08-23,20.0
1996-08-26,20.4375
1996-08-27,19.125
1996-08-28,18.78125
1996-08-29,18.765625
1996-08-30,19.0
1996-09-03,19.0
1996-09-04,18.875
1996-09-05,19.0
1996-09-06,19.0
1996-09-09,20.5
1996-09-10,20.25
1996-09-11,22.1875
1996-09-12,22.875
1996-09-13,23.75
1996-09-16,23.625
1996-09-17,23.75
1996-09-18,23.640625
1996-09-19,23.5
1996-09-20,23.125
1996-09-23,22.5
1996-09-24,22.5
1996-09-25,23.5
1996-09-26,23.0
1996-09-27,23.0
1996-09-30,23.0625
1996-10-01,23.4375
1996-10-02,23.375
1996-10-03,22.5625
1996-10-04,23.625
1996-10-07,24.125
1996-10-08,23.0
1996-10-09,22.625
1996-10-10,22.75
1996-10-11,23.25
1996-10-14,23.0
1996-10-15,23.25
1996-10-16,22.875
1996-10-17,21.5
1996-10-18,22.375
1996-10-21,22.0
1996-10-22,21.125
1996-10-23,22.25
1996-10-24,21.3125
1996-10-25,21.8125
1996-10-28,21.625
1996-10-29,21.5
1996-10-30,22.3125
1996-10-31,22.5
1996-11-01,22.65625
1996-11-04,22.375
1996-11-05,22.6875
1996-11-06,23.375
1996-11-07,23.25
1996-11-08,23.0
1996-11-11,23.625
1996-11-12,22.8125
1996-11-13,22.84375
1996-11-14,23.375
1996-11-15,23.625
1996-11-18,23.125
1996-11-19,24.25
1996-11-20,23.375
1996-11-21,22.75
1996-11-22,23.125
1996-11-25,22.6875
1996-11-26,22.375
1996-11-27,22.28125
1996-11-29,22.125
1996-12-02,23.0625
1996-12-03,22.6875
1996-12-04,22.3125
1996-12-05,22.125
1996-12-06,22.75
1996-12-09,22.9375
1996-12-10,22.0
1996-12-11,22.375
1996-12-12,22.5625
1996-12-13,22.75
1996-12-16,21.125
1996-12-17,20.75
1996-12-18,22.875
1996-12-19,21.75
1996-12-20,22.75
1996-12-23,22.5
1996-12-24,22.5
1996-12-26,22.0
1996-12-27,22.0
1996-12-30,22.375
1996-12-31,23.125
1997-01-02,22.875
1997-01-03,22.5625
1997-01-06,22.6875
1997-01-07,22.3125
1997-01-08,20.3125
1997-01-09,21.625
1997-01-10,21.46875
1997-01-13,21.0
1997-01-14,19.5625
1997-01-15,20.875
1997-01-16,20.875
1997-01-17,20.6875
1997-01-20,21.6875
1997-01-21,22.9375
1997-01-22,22.125
1997-01-23,21.75
1997-01-24,21.75
1997-01-27,21.625
1997-01-28,22.125
1997-01-29,22.25
1997-01-30,22.375
1997-01-31,22.078125
1997-02-03,20.875
1997-02-04,21.0
1997-02-05,20.25
1997-02-06,20.0
1997-02-07,21.1875
1997-02-10,19.25
1997-02-11,19.0625
1997-02-12,20.5
1997-02-13,19.625
1997-02-14,19.625
1997-02-18,19.0
1997-02-19,19.140625
1997-02-20,17.0
1997-02-21,18.625
1997-02-24,18.0625
1997-02-25,17.8125
1997-02-26,17.625
1997-02-27,17.25
1997-02-28,17.84375
1997-03-03,17.5
1997-03-04,17.375
1997-03-05,16.03125
1997-03-06,15.625
1997-03-07,15.625
1997-03-10,14.0
1997-03-11,15.375
1997-03-12,14.875
1997-03-13,14.625
1997-03-14,15.0
1997-03-17,15.09375
1997-03-18,14.8125
1997-03-19,14.6875
1997-03-20,15.5625
1997-03-21,15.375
1997-03-24,15.125
1997-03-25,14.84375
1997-03-26,13.0625
1997-03-27,13.1875
1997-03-31,12.5
1997-04-01,12.4375
1997-04-02,12.5625
1997-04-03,13.1875
1997-04-04,13.9375
1997-04-07,14.0
1997-04-08,14.0
1997-04-09,13.84375
1997-04-10,12.1875
1997-04-11,12.5
1997-04-14,12.625
1997-04-15,12.6875
1997-04-16,12.5
1997-04-17,12.25
1997-04-18,14.625
1997-04-21,14.09375
1997-04-22,13.8125
1997-04-23,13.9375
1997-04-24,14.25
1997-04-25,14.0625
1997-04-28,14.09375
1997-04-29,14.125
1997-04-30,15.9375
1997-05-01,16.75
1997-05-02,17.15625
1997-05-05,18.15625
1997-05-06,17.90625
1997-05-07,17.90625
1997-05-08,17.6875
1997-05-09,17.5
1997-05-12,17.625
1997-05-13,17.5
1997-05-14,17.125
1997-05-15,16.8125
1997-05-16,16.5625
1997-05-19,15.8125
1997-05-20,16.625
1997-05-21,17.9375
1997-05-22,17.5
1997-05-23,18.0625
1997-05-27,17.625
1997-05-28,17.71875
1997-05-29,18.21875
1997-05-30,18.6875
1997-06-02,17.28125
1997-06-03,17.25
1997-06-04,16.4375
1997-06-05,17.0625
1997-06-06,18.3125
1997-06-09,18.25
1997-06-10,18.0
1997-06-11,17.53125
1997-06-12,17.46875
1997-06-13,17.5
1997-06-16,17.75
1997-06-17,17.875
1997-06-18,17.625
1997-06-19,18.0
1997-06-20,17.75
1997-06-23,17.5
1997-06-24,17.625
1997-06-25,17.46875
1997-06-26,17.125
1997-06-27,18.09375
1997-06-30,18.375
1997-07-01,17.875
1997-07-02,17.8125
1997-07-03,17.75
1997-07-07,17.6875
1997-07-08,17.5625
1997-07-09,19.46875
1997-07-10,19.625
1997-07-11,19.5
1997-07-14,19.8125
1997-07-15,19.75
1997-07-16,19.5
1997-07-17,19.125
1997-07-18,16.5625
1997-07-21,15.875
1997-07-22,15.78125
1997-07-23,15.8125
1997-07-24,15.75
1997-07-25,15.75
1997-07-28,15.625
1997-07-29,16.5625
1997-07-30,16.8125
1997-07-31,16.8125
1997-08-01,17.0
1997-08-04,16.9375
1997-08-05,17.5
1997-08-06,17.78125
1997-08-07,17.5625
1997-08-08,17.75
1997-08-11,17.5
1997-08-12,17.25
1997-08-13,17.1875
1997-08-14,17.15625
1997-08-15,17.3125
1997-08-18,17.8125
1997-08-19,18.0625
1997-08-20,17.5625
1997-08-21,17.375
1997-08-22,17.53125
1997-08-25,17.5
1997-08-26,17.5625
1997-08-27,17.5
1997-08-28,17.3125
1997-08-29,17.3125
1997-09-02,17.4375
1997-09-03,17.5
1997-09-04,17.75
1997-09-05,17.71875
1997-09-08,17.6875
1997-09-09,17.5
1997-09-10,17.28125
1997-09-11,17.375
1997-09-12,17.0
1997-09-15,16.46875
1997-09-16,17.5
1997-09-17,19.625
1997-09-18,19.9375
1997-09-19,20.125
1997-09-22,21.0625
1997-09-23,21.0
1997-09-24,20.9375
1997-09-25,20.40625
1997-09-26,20.5
1997-09-29,20.90625
1997-09-30,21.25
1997-10-01,20.625
1997-10-02,20.875
1997-10-03,21.25
1997-10-06,21.5625
1997-10-07,21.5
1997-10-08,20.9375
1997-10-09,22.46875
1997-10-10,22.03125
1997-10-13,21.9375
1997-10-14,21.46875
1997-10-15,19.90625
1997-10-16,20.3125
1997-10-17,19.375
1997-10-20,19.9375
1997-10-21,19.75
1997-10-22,21.15625
1997-10-23,20.875
1997-10-24,19.3125
1997-10-27,17.875
1997-10-28,18.46875
1997-10-29,19.75
1997-10-30,19.3125
1997-10-31,19.4375
1997-11-03,19.875
1997-11-04,20.5625
1997-11-05,21.0
1997-11-06,20.3125
1997-11-07,19.90625
1997-11-10,19.90625
1997-11-11,19.4375
1997-11-12,18.6875
1997-11-13,18.75
1997-11-14,20.125
1997-11-17,20.40625
1997-11-18,20.1875
1997-11-19,20.53125
1997-11-20,21.5
1997-11-21,20.96875
1997-11-24,19.84375
1997-11-25,20.90625
1997-11-26,20.5625
1997-11-28,20.5625
1997-12-01,20.84375
1997-12-02,21.28125
1997-12-03,21.28125
1997-12-04,21.5625
1997-12-05,22.15625
1997-12-08,23.03125
1997-12-09,21.9375
1997-12-10,22.0625
1997-12-11,20.4375
1997-12-12,18.5
1997-12-15,17.875
1997-12-16,18.15625
1997-12-17,18.75
1997-12-18,18.09375
1997-12-19,18.5
1997-12-22,18.0625
1997-12-23,18.0625
1997-12-24,17.875
1997-12-26,18.0625
1997-12-29,19.734375
1997-12-30,18.5625
1997-12-31,17.875
1998-01-02,17.53125
1998-01-05,17.40625
1998-01-06,16.53125
1998-01-07,16.21875
1998-01-08,16.0
1998-01-09,15.6875
1998-01-12,16.5625
1998-01-13,17.0
1998-01-14,17.3125
1998-01-15,16.9375
1998-01-16,17.25
1998-01-20,17.8125
1998-01-21,17.5625
1998-01-22,17.375
1998-01-23,17.0625
1998-01-26,17.0
1998-01-27,16.625
1998-01-28,16.71875
1998-01-29,17.015625
1998-01-30,15.46875
1998-02-02,16.5
1998-02-03,16.75
1998-02-04,17.25
1998-02-05,16.90625
1998-02-06,17.0
1998-02-09,17.03125
1998-02-10,17.0625
1998-02-11,17.25
1998-02-12,17.15625
1998-02-13,17.28125
1998-02-17,17.34375
1998-02-18,17.28125
1998-02-19,17.3125
1998-02-20,17.5
1998-02-23,17.25
1998-02-24,17.21875
1998-02-25,18.0
1998-02-26,17.90625
1998-02-27,17.46875
1998-03-02,17.3125
1998-03-03,16.9375
1998-03-04,16.75
1998-03-05,15.875
1998-03-06,16.5
1998-03-09,15.90625
1998-03-10,16.1875
1998-03-11,15.8125
1998-03-12,15.0625
1998-03-13,16.0
1998-03-16,16.25
1998-03-17,15.75
1998-03-18,15.34375
1998-03-19,15.03125
1998-03-20,15.0
1998-03-23,14.75
1998-03-24,15.28125
1998-03-25,16.1875
1998-03-26,16.5
1998-03-27,16.375
1998-03-30,16.34375
1998-03-31,16.375
1998-04-01,16.4375
1998-04-02,16.3125
1998-04-03,16.5625
1998-04-06,15.71875
1998-04-07,15.484375
1998-04-08,15.5
1998-04-09,15.546875
1998-04-13,16.34375
1998-04-14,17.5
1998-04-15,17.5625
1998-04-16,17.28125
1998-04-17,18.0
1998-04-20,18.375
1998-04-21,19.46875
1998-04-22,19.5625
1998-04-23,18.8125
1998-04-24,19.0
1998-04-27,17.8125
1998-04-28,20.5
1998-04-29,21.1875
1998-04-30,21.5
1998-05-01,21.3125
1998-05-04,21.8125
1998-05-05,21.0
1998-05-06,20.59375
1998-05-07,20.65625
1998-05-08,20.625
1998-05-11,20.15625
1998-05-12,20.8125
1998-05-13,21.4375
1998-05-14,21.59375
1998-05-15,22.3125
1998-05-18,21.71875
1998-05-19,21.8125
1998-05-20,21.5625
1998-05-21,22.1875
1998-05-22,21.3125
1998-05-26,20.4375
1998-05-27,20.90625
1998-05-28,21.78125
1998-05-29,21.46875
1998-06-01,20.1875
1998-06-02,20.9375
1998-06-03,20.6875
1998-06-04,21.6875
1998-06-05,22.09375
1998-06-08,22.71875
1998-06-09,22.90625
1998-06-10,22.8125
1998-06-11,21.6875
1998-06-12,21.5
1998-06-15,21.0
1998-06-16,21.375
1998-06-17,21.125
1998-06-18,21.125
1998-06-19,20.6875
1998-06-22,20.375
1998-06-23,21.0625
1998-06-24,22.8125
1998-06-25,22.25
1998-06-26,22.46875
1998-06-29,22.8125
1998-06-30,22.875
1998-07-01,22.375
1998-07-02,21.34375
1998-07-06,20.375
1998-07-07,20.75
1998-07-08,20.4375
1998-07-09,21.0
1998-07-10,20.5
1998-07-13,20.9375
1998-07-14,20.3125
1998-07-15,21.0
1998-07-16,21.21875
1998-07-17,20.8125
1998-07-20,20.75
1998-07-21,20.6875
1998-07-22,19.96875
1998-07-23,18.71875
1998-07-24,19.125
1998-07-27,19.1875
1998-07-28,19.8125
1998-07-29,19.625
1998-07-30,19.25
1998-07-31,19.0
1998-08-03,18.25
1998-08-04,18.0
1998-08-05,17.9375
1998-08-06,18.5
1998-08-07,18.4375
1998-08-10,18.375
1998-08-11,17.875
1998-08-12,18.5
1998-08-13,17.84375
1998-08-14,18.0625
1998-08-17,18.4375
1998-08-18,18.625
1998-08-19,17.6875
1998-08-20,15.59375
1998-08-21,16.0
1998-08-24,15.8125
1998-08-25,15.5
1998-08-26,15.78125
1998-08-27,15.09375
1998-08-28,14.59375
1998-08-31,13.0625
1998-09-01,14.96875
1998-09-02,15.5625
1998-09-03,15.3125
1998-09-04,15.25
1998-09-08,17.125
1998-09-09,15.875
1998-09-10,15.375
1998-09-11,15.875
1998-09-14,17.3125
1998-09-15,17.53125
1998-09-16,17.6875
1998-09-17,17.0625
1998-09-18,16.84375
1998-09-21,16.3125
1998-09-22,16.5
1998-09-23,17.46875
1998-09-24,16.1875
1998-09-25,16.5625
1998-09-28,16.5625
1998-09-29,16.75
1998-09-30,16.65625
1998-10-01,15.75
1998-10-02,15.59375
1998-10-05,14.4375
1998-10-06,14.1875
1998-10-07,14.78125
1998-10-08,14.6875
1998-10-09,16.46875
1998-10-12,17.53125
1998-10-13,16.625
1998-10-14,15.625
1998-10-15,16.6875
1998-10-16,17.75
1998-10-19,18.25
1998-10-20,17.375
1998-10-21,17.5625
1998-10-22,18.3125
1998-10-23,19.5
1998-10-26,19.0
1998-10-27,19.0625
1998-10-28,20.5
1998-10-29,21.25
1998-10-30,22.625
1998-11-02,22.9375
1998-11-03,22.4375
1998-11-04,22.8125
1998-11-05,23.1875
1998-11-06,23.46875
1998-11-09,23.28125
1998-11-10,22.5625
1998-11-11,22.5
1998-11-12,22.53125
1998-11-13,23.59375
1998-11-16,24.0
1998-11-17,24.0
1998-11-18,25.0
1998-11-19,24.84375
1998-11-20,24.46875
1998-11-23,25.0
1998-11-24,24.65625
1998-11-25,25.0
1998-11-27,24.890625
1998-11-30,23.6875
1998-12-01,23.40625
1998-12-02,26.0
1998-12-03,24.75
1998-12-04,24.8125
1998-12-07,26.6875
1998-12-08,26.0625
1998-12-09,26.1875
1998-12-10,25.8125
1998-12-11,25.375
1998-12-14,24.40625
1998-12-15,25.21875
1998-12-16,24.375
1998-12-17,25.28125
1998-12-18,25.5625
1998-12-21,26.125
1998-12-22,25.0
1998-12-23,26.25
1998-12-24,25.96875
1998-12-28,26.15625
1998-12-29,26.0625
1998-12-30,25.9375
1998-12-31,27.125
1999-01-04,27.03125
1999-01-05,27.5625
1999-01-06,29.625
1999-01-07,28.875
1999-01-08,28.0625
1999-01-11,28.53125
1999-01-12,29.3125
1999-01-13,29.421875
1999-01-14,27.6875
1999-01-15,29.5
1999-01-19,30.28125
1999-01-20,26.6875
1999-01-21,27.34375
1999-01-22,27.5625
1999-01-25,27.5625
1999-01-26,27.5625
1999-01-27,27.875
1999-01-28,29.40625
1999-01-29,29.03125
1999-02-01,29.90625
1999-02-02,28.4375
1999-02-03,28.375
1999-02-04,27.5
1999-02-05,27.03125
1999-02-08,27.0625
1999-02-09,25.625
1999-02-10,25.09375
1999-02-11,27.125
1999-02-12,25.15625
1999-02-16,24.375
1999-02-17,23.75
1999-02-18,23.625
1999-02-19,24.6875
1999-02-22,25.03125
1999-02-23,25.5
1999-02-24,24.625
1999-02-25,23.75
1999-02-26,23.125
1999-03-01,23.90625
1999-03-02,24.375
1999-03-03,23.0
1999-03-04,23.15625
1999-03-05,22.9375
1999-03-08,23.5625
1999-03-09,23.75
1999-03-10,23.71875
1999-03-11,23.8125
1999-03-12,23.25
1999-03-15,24.5
1999-03-16,25.1875
1999-03-17,25.21875
1999-03-18,25.5625
1999-03-19,25.25
1999-03-22,24.71875
1999-03-23,23.4375
1999-03-24,24.625
1999-03-25,25.5
1999-03-26,24.9375
1999-03-29,26.6875
1999-03-30,26.25
1999-03-31,26.875
1999-04-01,26.5625
1999-04-05,23.0
1999-04-06,24.375
1999-04-07,23.40625
1999-04-08,23.84375
1999-04-09,23.34375
1999-04-12,22.59375
1999-04-13,21.125
1999-04-14,21.3125
1999-04-15,22.5
1999-04-16,22.5
1999-04-19,23.03125
1999-04-20,23.1875
1999-04-21,21.0625
1999-04-22,21.625
1999-04-23,22.53125
1999-04-26,23.4375
1999-04-27,23.90625
1999-04-28,24.4375
1999-04-29,23.34375
1999-04-30,23.5625
1999-05-03,24.1875
1999-05-04,25.53125
1999-05-05,25.90625
1999-05-06,24.5625
1999-05-07,24.4375
1999-05-10,24.15625
1999-05-11,24.34375
1999-05-12,24.875
1999-05-13,24.21875
1999-05-14,23.5
1999-05-17,22.90625
1999-05-18,23.03125
1999-05-19,23.125
1999-05-20,22.875
1999-05-21,22.96875
1999-05-24,23.1875
1999-05-25,21.84375
1999-05-26,21.25
1999-05-27,21.59375
1999-05-28,22.1875
1999-06-01,21.625
1999-06-02,22.0
1999-06-03,21.8125
1999-06-04,21.8125
1999-06-07,23.9375
1999-06-08,24.75
1999-06-09,26.6875
1999-06-10,26.8125
1999-06-11,28.03125
1999-06-14,28.25
1999-06-15,27.6875
1999-06-16,28.53125
1999-06-17,28.625
1999-06-18,28.53125
1999-06-21,28.4375
1999-06-22,27.8125
1999-06-23,27.53125
1999-06-24,26.71875
1999-06-25,27.375
1999-06-28,27.59375
1999-06-29,28.0625
1999-06-30,27.59375
1999-07-01,28.53125
1999-07-02,28.0
1999-07-06,28.71875
1999-07-07,28.5
1999-07-08,30.15625
1999-07-09,29.78125
1999-07-12,30.4375
1999-07-13,29.46875
1999-07-14,29.75
1999-07-15,30.40625
1999-07-16,31.34375
1999-07-19,30.3125
1999-07-20,28.78125
1999-07-21,29.15625
1999-07-22,28.0
1999-07-23,28.3125
1999-07-26,26.6875
1999-07-27,28.28125
1999-07-28,28.375
1999-07-29,27.90625
1999-07-30,30.09375
1999-08-02,29.59375
1999-08-03,29.15625
1999-08-04,28.78125
1999-08-05,28.71875
1999-08-06,28.25
1999-08-09,27.25
1999-08-10,27.1875
1999-08-11,28.90625
1999-08-12,28.625
1999-08-13,29.375
1999-08-16,28.9375
1999-08-17,29.34375
1999-08-18,28.78125
1999-08-19,28.125
1999-08-20,28.5625
1999-08-23,28.3125
1999-08-24,27.59375
1999-08-25,29.125
1999-08-26,27.8125
1999-08-27,27.28125
1999-08-30,27.1875
1999-08-31,27.96875
1999-09-01,29.21875
1999-09-02,29.15625
1999-09-03,30.03125
1999-09-07,30.1875
1999-09-08,29.375
1999-09-09,29.8125
1999-09-10,31.5625
1999-09-13,30.9375
1999-09-14,32.21875
1999-09-15,31.1875
1999-09-16,30.25
1999-09-17,31.84375
1999-09-20,31.6875
1999-09-21,30.71875
1999-09-22,31.6875
1999-09-23,29.4375
1999-09-24,29.125
1999-09-27,29.90625
1999-09-28,30.71875
1999-09-29,30.21875
1999-09-30,28.078125
1999-10-01,28.203125
1999-10-04,29.28125
1999-10-05,29.21875
1999-10-06,30.0625
1999-10-07,29.21875
1999-10-08,29.1875
1999-10-11,31.03125
1999-10-12,30.5625
1999-10-13,30.34375
1999-10-14,29.875
1999-10-15,29.46875
1999-10-18,29.3125
1999-10-19,28.6875
1999-10-20,28.6875
1999-10-21,27.40625
1999-10-22,27.28125
1999-10-25,28.0625
1999-10-26,28.84375
1999-10-27,29.6875
1999-10-28,30.25
1999-10-29,31.15625
1999-11-01,30.40625
1999-11-02,31.96875
1999-11-03,31.28125
1999-11-04,31.96875
1999-11-05,32.84375
1999-11-08,32.90625
1999-11-09,32.8125
1999-11-10,33.9375
1999-11-11,33.71875
1999-11-12,34.15625
1999-11-15,32.59375
1999-11-16,33.03125
1999-11-17,33.0
1999-11-18,32.875
1999-11-19,32.75
1999-11-22,32.75
1999-11-23,33.0
1999-11-24,33.375
1999-11-26,33.71875
1999-11-29,33.9375
1999-11-30,36.1875
1999-12-01,35.84375
1999-12-02,36.25
1999-12-03,36.65625
1999-12-06,37.34375
1999-12-07,36.96875
1999-12-08,35.375
1999-12-09,35.375
1999-12-10,31.9375
1999-12-13,31.875
1999-12-14,30.03125
1999-12-15,30.84375
1999-12-16,31.59375
1999-12-17,30.84375
1999-12-20,29.75
1999-12-21,29.625
1999-12-22,29.96875
1999-12-23,31.6875
1999-12-27,32.0625
1999-12-28,31.59375
1999-12-29,32.3125
1999-12-30,32.75
1999-12-31,33.375
2000-01-03,32.78125
2000-01-04,30.4375
2000-01-05,30.703125
2000-01-06,28.46875
2000-01-07,28.75
2000-01-10,30.15625
2000-01-11,28.96875
2000-01-12,26.71875
2000-01-13,27.53125
2000-01-14,28.1875
2000-01-18,27.59375
2000-01-19,27.125
2000-01-20,27.28125
2000-01-21,27.3125
2000-01-24,26.4375
2000-01-25,24.0
2000-01-26,23.8125
2000-01-27,21.90625
2000-01-28,21.671875
2000-01-31,23.09375
2000-02-01,23.28125
2000-02-02,22.90625
2000-02-03,23.40625
2000-02-04,22.625
2000-02-07,21.75
2000-02-08,22.59375
2000-02-09,24.09375
2000-02-10,25.40625
2000-02-11,25.28125
2000-02-14,21.21875
2000-02-15,21.3125
2000-02-16,22.28125
2000-02-17,23.25
2000-02-18,18.78125
2000-02-22,19.46875
2000-02-23,20.0
2000-02-24,20.03125
2000-02-25,20.125
2000-02-28,20.0
2000-02-29,19.96875
2000-03-01,20.03125
2000-03-02,19.875
2000-03-03,19.9375
2000-03-06,19.625
2000-03-07,19.4375
2000-03-08,19.75
2000-03-09,20.96875
2000-03-10,21.65625
2000-03-13,21.53125
2000-03-14,21.8125
2000-03-15,21.53125
2000-03-16,24.25
2000-03-17,24.75
2000-03-20,24.125
2000-03-21,25.09375
2000-03-22,24.59375
2000-03-23,24.5
2000-03-24,24.625
2000-03-27,24.5625
2000-03-28,23.25
2000-03-29,22.53125
2000-03-30,22.0
2000-03-31,24.375
2000-04-03,22.78125
2000-04-04,22.0
2000-04-05,22.09375
2000-04-06,21.875
2000-04-07,23.09375
2000-04-10,22.125
2000-04-11,22.0625
2000-04-12,21.125
2000-04-13,21.0
2000-04-14,19.71875
2000-04-17,19.375
2000-04-18,21.5
2000-04-19,20.5625
2000-04-20,20.40625
2000-04-24,19.75
2000-04-25,21.21875
2000-04-26,20.0
2000-04-27,21.125
2000-04-28,21.0
2000-05-01,21.1875
2000-05-02,20.3125
2000-05-03,20.25
2000-05-04,20.5625
2000-05-05,20.1875
2000-05-08,19.96875
2000-05-09,19.78125
2000-05-10,19.625
2000-05-11,19.8125
2000-05-12,19.90625
2000-05-15,20.875
2000-05-16,21.84375
2000-05-17,22.0
2000-05-18,21.375
2000-05-19,21.8125
2000-05-22,21.125
2000-05-23,21.34375
2000-05-24,22.375
2000-05-25,21.46875
2000-05-26,21.03125
2000-05-30,23.21875
2000-05-31,23.65625
2000-06-01,24.625
2000-06-02,25.9375
2000-06-05,25.96875
2000-06-06,24.75
2000-06-07,24.5625
2000-06-08,22.78125
2000-06-09,24.03125
2000-06-12,22.0
2000-06-13,22.34375
2000-06-14,21.1875
2000-06-15,21.75
2000-06-16,21.8125
2000-06-19,22.46875
2000-06-20,23.0
2000-06-21,23.1875
2000-06-22,21.90625
2000-06-23,20.875
2000-06-26,21.3125
2000-06-27,17.4375
2000-06-28,17.9375
2000-06-29,17.625
2000-06-30,17.28125
2000-07-03,18.28125
2000-07-05,16.71875
2000-07-06,17.0
2000-07-07,17.75
2000-07-10,17.5
2000-07-11,16.28125
2000-07-12,16.75
2000-07-13,16.28125
2000-07-14,16.1875
2000-07-17,15.6875
2000-07-18,15.53125
2000-07-19,15.53125
2000-07-20,16.375
2000-07-21,16.0
2000-07-24,15.96875
2000-07-25,16.03125
2000-07-26,15.71875
2000-07-27,15.65625
2000-07-28,15.46875
2000-07-31,16.28125
2000-08-01,15.75
2000-08-02,16.125
2000-08-03,17.21875
2000-08-04,16.65625
2000-08-07,17.0625
2000-08-08,16.75
2000-08-09,15.125
2000-08-10,15.09375
2000-08-11,15.375
2000-08-14,14.6875
2000-08-15,14.6875
2000-08-16,14.90625
2000-08-17,16.125
2000-08-18,17.25
2000-08-21,16.28125
2000-08-22,16.0625
2000-08-23,16.5
2000-08-24,17.3125
2000-08-25,17.40625
2000-08-28,17.875
2000-08-29,18.125
2000-08-30,18.46875
2000-08-31,18.53125
2000-09-01,19.4375
2000-09-05,19.0
2000-09-06,18.3828125
2000-09-07,18.65625
2000-09-08,18.375
2000-09-11,18.53125
2000-09-12,18.59375
2000-09-13,18.5625
2000-09-14,18.65625
2000-09-15,18.625
2000-09-18,18.5625
2000-09-19,18.5
2000-09-20,18.53125
2000-09-21,18.5
2000-09-22,18.125
2000-09-25,18.375
2000-09-26,18.3125
2000-09-27,18.125
2000-09-28,19.375
2000-09-29,18.9375
2000-10-02,18.5
2000-10-03,18.75
2000-10-04,18.5625
2000-10-05,19.21875
2000-10-06,19.75
2000-10-09,19.40625
2000-10-10,18.4609375
2000-10-11,18.15625
2000-10-12,17.3125
2000-10-13,17.78125
2000-10-16,17.25
2000-10-17,16.1875
2000-10-18,15.9375
2000-10-19,17.5
2000-10-20,17.78125
2000-10-23,17.375
2000-10-24,16.75
2000-10-25,15.90625
2000-10-26,17.03125
2000-10-27,16.5
2000-10-30,17.125
2000-10-31,17.4375
2000-11-01,17.5625
2000-11-02,18.25
2000-11-03,17.75
2000-11-06,17.6875
2000-11-07,18.28125
2000-11-08,18.15625
2000-11-09,18.0
2000-11-10,17.34375
2000-11-13,17.0625
2000-11-14,17.9375
2000-11-15,18.03125
2000-11-16,17.65625
2000-11-17,18.0
2000-11-20,18.0
2000-11-21,17.84375
2000-11-22,17.8125
2000-11-24,17.96875
2000-11-27,18.25
2000-11-28,17.796875
2000-11-29,17.4375
2000-11-30,19.5
2000-12-01,21.0625
2000-12-04,21.75
2000-12-05,23.84375
2000-12-06,23.0
2000-12-07,23.375
2000-12-08,25.03125
2000-12-11,24.5625
2000-12-12,23.90625
2000-12-13,22.71875
2000-12-14,21.84375
2000-12-15,20.125
2000-12-18,22.375
2000-12-19,21.8125
2000-12-20,21.125
2000-12-21,21.953125
2000-12-22,23.78125
2000-12-26,23.53125
2000-12-27,24.03125
2000-12-28,24.3125
2000-12-29,23.71875
2001-01-02,22.09375
2001-01-03,25.125
2001-01-04,23.78125
2001-01-05,24.0
2001-01-08,24.0625
2001-01-09,24.625
2001-01-10,25.03125
2001-01-11,25.71875
2001-01-12,25.78125
2001-01-16,25.125
2001-01-17,25.40625
2001-01-18,24.96875
2001-01-19,26.59375
2001-01-22,27.53125
2001-01-23,27.5625
2001-01-24,26.8671875
2001-01-25,26.03125
2001-01-26,25.875
2001-01-29,26.71875
2001-01-30,27.4375
2001-01-31,26.0
2001-02-01,27.6875
2001-02-02,26.9765625
2001-02-05,26.125
2001-02-06,26.6875
2001-02-07,25.65625
2001-02-08,25.34375
2001-02-09,24.75
2001-02-12,24.9375
2001-02-13,25.375
2001-02-14,25.171875
2001-02-15,25.9375
2001-02-16,26.2578125
2001-02-20,25.28125
2001-02-21,24.5
2001-02-22,26.4375
2001-02-23,26.4375
2001-02-26,28.8125
2001-02-27,28.0625
2001-02-28,27.15625
2001-03-01,26.90625
2001-03-02,26.9765625
2001-03-05,27.875
2001-03-06,29.53125
2001-03-07,30.9375
2001-03-08,30.09375
2001-03-09,29.0
2001-03-12,27.5
2001-03-13,26.3125
2001-03-14,25.875
2001-03-15,25.375
2001-03-16,24.625
2001-03-19,24.09375
2001-03-20,24.1875
2001-03-21,22.78125
2001-03-22,22.40625
2001-03-23,23.15625
2001-03-26,22.5
2001-03-27,23.625
2001-03-28,21.5625
2001-03-29,23.25
2001-03-30,23.46875
2001-04-02,23.0
2001-04-03,22.15625
2001-04-04,22.8125
2001-04-05,23.96875
2001-04-06,23.84375
2001-04-09,23.46500015258789
2001-04-10,25.8799991607666
2001-04-11,26.2549991607666
2001-04-12,26.614999771118164
2001-04-16,24.829999923706055
2001-04-17,22.44499969482422
2001-04-18,25.969999313354492
2001-04-19,26.510000228881836
2001-04-20,26.049999237060547
2001-04-23,25.344999313354492
2001-04-24,25.5
2001-04-25,25.93000030517578
2001-04-26,26.165000915527344
2001-04-27,27.469999313354492
2001-04-30,28.71500015258789
2001-05-01,28.3799991607666
2001-05-02,28.145000457763672
2001-05-03,27.020000457763672
2001-05-04,27.559999465942383
2001-05-07,27.735000610351562
2001-05-08,28.28499984741211
2001-05-09,27.399999618530273
2001-05-10,27.424999237060547
2001-05-11,27.375
2001-05-14,27.1299991607666
2001-05-15,28.360000610351562
2001-05-16,29.5
2001-05-17,30.25
2001-05-18,29.985000610351562
2001-05-21,30.405000686645508
2001-05-22,31.03499984741211
2001-05-23,30.0
2001-05-24,31.375
2001-05-25,30.684999465942383
2001-05-29,29.575000762939453
2001-05-30,28.594999313354492
2001-05-31,28.440000534057617
2001-06-01,28.174999237060547
2001-06-04,28.170000076293945
2001-06-05,29.700000762939453
2001-06-06,29.44499969482422
2001-06-07,30.4950008392334
2001-06-08,29.8700008392334
2001-06-11,29.125
2001-06-12,29.125
2001-06-13,29.145000457763672
2001-06-14,27.80500030517578
2001-06-15,27.399999618530273
2001-06-18,27.40999984741211
2001-06-19,28.975000381469727
2001-06-20,27.424999237060547
2001-06-21,26.18000030517578
2001-06-22,25.90999984741211
2001-06-25,26.25
2001-06-26,25.399999618530273
2001-06-27,23.014999389648438
2001-06-28,22.975000381469727
2001-06-29,24.19499969482422
2001-07-02,23.25
2001-07-03,22.975000381469727
2001-07-05,22.53499984741211
2001-07-06,22.68000030517578
2001-07-09,22.729999542236328
2001-07-10,22.625
2001-07-11,22.024999618530273
2001-07-12,24.170000076293945
2001-07-13,24.399999618530273
2001-07-16,24.149999618530273
2001-07-17,24.4950008392334
2001-07-18,25.125
2001-07-19,26.100000381469727
2001-07-20,25.575000762939453
2001-07-23,25.18000030517578
2001-07-24,25.125
2001-07-25,24.700000762939453
2001-07-26,25.024999618530273
2001-07-27,25.264999389648438
2001-07-30,25.475000381469727
2001-07-31,25.875
2001-08-01,27.059999465942383
2001-08-02,26.760000228881836
2001-08-03,27.604999542236328
2001-08-06,26.790000915527344
2001-08-07,27.014999389648438
2001-08-08,26.84000015258789
2001-08-09,26.7450008392334
2001-08-10,26.149999618530273
2001-08-13,26.155000686645508
2001-08-14,26.75
2001-08-15,27.174999237060547
2001-08-16,26.549999237060547
2001-08-17,26.024999618530273
2001-08-20,26.110000610351562
2001-08-21,25.540000915527344
2001-08-22,25.575000762939453
2001-08-23,23.125
2001-08-24,23.924999237060547
2001-08-27,23.844999313354492
2001-08-28,23.719999313354492
2001-08-29,23.104999542236328
2001-08-30,22.729999542236328
2001-08-31,23.06999969482422
2001-09-04,22.739999771118164
2001-09-05,23.274999618530273
2001-09-06,21.75
2001-09-07,21.875
2001-09-10,22.0
2001-09-17,21.225000381469727
2001-09-18,20.325000762939453
2001-09-19,19.5
2001-09-20,18.75
2001-09-21,18.520000457763672
2001-09-24,19.80500030517578
2001-09-25,20.149999618530273
2001-09-26,19.454999923706055
2001-09-27,19.875
2001-09-28,20.05500030517578
2001-10-01,19.415000915527344
2001-10-02,20.079999923706055
2001-10-03,21.7450008392334
2001-10-04,21.010000228881836
2001-10-05,20.469999313354492
2001-10-08,21.084999084472656
2001-10-09,21.174999237060547
2001-10-10,21.2549991607666
2001-10-11,21.184999465942383
2001-10-12,21.09000015258789
2001-10-15,21.655000686645508
2001-10-16,22.21500015258789
2001-10-17,22.889999389648438
2001-10-18,22.875
2001-10-19,23.579999923706055
2001-10-22,24.584999084472656
2001-10-23,24.885000228881836
2001-10-24,24.450000762939453
2001-10-25,24.514999389648438
2001-10-26,24.700000762939453
2001-10-29,23.655000686645508
2001-10-30,23.790000915527344
2001-10-31,23.5
2001-11-01,24.219999313354492
2001-11-02,23.93000030517578
2001-11-05,24.954999923706055
2001-11-06,26.274999618530273
2001-11-07,25.489999771118164
2001-11-08,24.954999923706055
2001-11-09,24.729999542236328
2001-11-12,24.90999984741211
2001-11-13,25.170000076293945
2001-11-14,25.43000030517578
2001-11-15,25.530000686645508
2001-11-16,25.760000228881836
2001-11-19,26.184999465942383
2001-11-20,26.420000076293945
2001-11-21,26.7450008392334
2001-11-23,27.049999237060547
2001-11-26,29.125
2001-11-27,28.415000915527344
2001-11-28,27.575000762939453
2001-11-29,27.625
2001-11-30,27.514999389648438
2001-12-03,27.69499969482422
2001-12-04,26.514999389648438
2001-12-05,27.5
2001-12-06,27.80500030517578
2001-12-07,27.760000228881836
2001-12-10,28.049999237060547
2001-12-11,27.649999618530273
2001-12-12,27.329999923706055
2001-12-13,27.200000762939453
2001-12-14,27.485000610351562
2001-12-17,28.084999084472656
2001-12-18,28.825000762939453
2001-12-19,28.954999923706055
2001-12-20,28.709999084472656
2001-12-21,29.239999771118164
2001-12-24,29.0049991607666
2001-12-26,29.344999313354492
2001-12-27,29.30500030517578
2001-12-28,29.850000381469727
2001-12-31,29.53499984741211
2002-01-02,29.43000030517578
2002-01-03,29.274999618530273
2002-01-04,28.9950008392334
2002-01-07,28.954999923706055
2002-01-08,29.149999618530273
2002-01-09,29.135000228881836
2002-01-10,28.899999618530273
2002-01-11,28.270000457763672
2002-01-14,27.604999542236328
2002-01-15,27.84000015258789
2002-01-16,26.69499969482422
2002-01-17,26.985000610351562
2002-01-18,26.645000457763672
2002-01-22,26.165000915527344
2002-01-23,26.915000915527344
2002-01-24,27.584999084472656
2002-01-25,26.934999465942383
2002-01-28,26.975000381469727
2002-01-29,26.34000015258789
2002-01-30,26.889999389648438
2002-01-31,25.940000534057617
2002-02-01,24.975000381469727
2002-02-04,26.030000686645508
2002-02-05,24.979999542236328
2002-02-06,24.360000610351562
2002-02-07,23.770000457763672
2002-02-08,24.68000030517578
2002-02-11,25.295000076293945
2002-02-12,25.55500030517578
2002-02-13,25.725000381469727
2002-02-14,25.725000381469727
2002-02-15,24.889999389648438
2002-02-19,24.270000457763672
2002-02-20,25.020000457763672
2002-02-21,22.84000015258789
2002-02-22,23.2549991607666
2002-02-25,24.329999923706055
2002-02-26,24.700000762939453
2002-02-27,24.05500030517578
2002-02-28,23.549999237060547
2002-03-01,24.735000610351562
2002-03-04,26.334999084472656
2002-03-05,26.420000076293945
2002-03-06,26.28499984741211
2002-03-07,25.809999465942383
2002-03-08,26.290000915527344
2002-03-11,27.604999542236328
2002-03-12,26.479999542236328
2002-03-13,25.899999618530273
2002-03-14,25.915000915527344
2002-03-15,25.700000762939453
2002-03-18,26.524999618530273
2002-03-19,26.854999542236328
2002-03-20,26.600000381469727
2002-03-21,26.8700008392334
2002-03-22,26.4950008392334
2002-03-25,25.915000915527344
2002-03-26,26.125
2002-03-27,26.65999984741211
2002-03-28,27.579999923706055
2002-04-01,26.979999542236328
2002-04-02,26.325000762939453
2002-04-03,25.450000762939453
2002-04-04,25.584999084472656
2002-04-05,25.049999237060547
2002-04-08,24.895000457763672
2002-04-09,24.434999465942383
2002-04-10,24.604999542236328
2002-04-11,23.635000228881836
2002-04-12,24.940000534057617
2002-04-15,24.895000457763672
2002-04-16,25.729999542236328
2002-04-17,25.93000030517578
2002-04-18,25.799999237060547
2002-04-19,25.34000015258789
2002-04-22,24.940000534057617
2002-04-23,24.520000457763672
2002-04-24,24.010000228881836
2002-04-25,23.825000762939453
2002-04-26,22.799999237060547
2002-04-29,22.100000381469727
2002-04-30,22.55500030517578
2002-05-01,21.860000610351562
2002-05-02,21.360000610351562
2002-05-03,20.854999542236328
2002-05-06,23.03499984741211
2002-05-07,23.764999389648438
2002-05-08,24.940000534057617
2002-05-09,24.764999389648438
2002-05-10,24.385000228881836
2002-05-13,24.780000686645508
2002-05-14,26.2450008392334
2002-05-15,26.28499984741211
2002-05-16,25.78499984741211
2002-05-17,26.19499969482422
2002-05-20,25.565000534057617
2002-05-21,25.450000762939453
2002-05-22,25.575000762939453
2002-05-23,26.084999084472656
2002-05-24,26.350000381469727
2002-05-28,25.735000610351562
2002-05-29,25.299999237060547
2002-05-30,25.4950008392334
2002-05-31,25.219999313354492
2002-06-03,24.489999771118164
2002-06-04,24.915000915527344
2002-06-05,24.81999969482422
2002-06-06,25.125
2002-06-07,25.219999313354492
2002-06-10,25.385000228881836
2002-06-11,24.934999465942383
2002-06-12,25.545000076293945
2002-06-13,25.05500030517578
2002-06-14,25.459999084472656
2002-06-17,26.549999237060547
2002-06-18,26.844999313354492
2002-06-19,27.645000457763672
2002-06-20,27.09000015258789
2002-06-21,27.19499969482422
2002-06-24,26.565000534057617
2002-06-25,26.440000534057617
2002-06-26,26.7450008392334
2002-06-27,27.350000381469727
2002-06-28,27.405000686645508
2002-07-01,26.524999618530273
2002-07-02,26.114999771118164
2002-07-03,26.6200008392334
2002-07-05,27.024999618530273
2002-07-08,26.190000534057617
2002-07-09,24.260000228881836
2002-07-10,23.81999969482422
2002-07-11,22.475000381469727
2002-07-12,22.709999084472656
2002-07-15,22.0049991607666
2002-07-16,22.7549991607666
2002-07-17,23.0049991607666
2002-07-18,22.549999237060547
2002-07-19,22.385000228881836
2002-07-22,21.959999084472656
2002-07-23,20.90999984741211
2002-07-24,21.469999313354492
2002-07-25,20.274999618530273
2002-07-26,20.71500015258789
2002-07-29,21.424999237060547
2002-07-30,21.540000915527344
2002-07-31,21.385000228881836
2002-08-01,20.479999542236328
2002-08-02,20.1200008392334
2002-08-05,19.28499984741211
2002-08-06,20.46500015258789
2002-08-07,20.344999313354492
2002-08-08,20.665000915527344
2002-08-09,20.600000381469727
2002-08-12,20.450000762939453
2002-08-13,19.549999237060547
2002-08-14,20.584999084472656
2002-08-15,21.079999923706055
2002-08-16,21.510000228881836
2002-08-19,22.729999542236328
2002-08-20,22.334999084472656
2002-08-21,22.0
2002-08-22,23.625
2002-08-23,22.895000457763672
2002-08-26,23.274999618530273
2002-08-27,22.280000686645508
2002-08-28,21.44499969482422
2002-08-29,21.940000534057617
2002-08-30,21.575000762939453
2002-09-03,20.790000915527344
2002-09-04,21.200000762939453
2002-09-05,20.489999771118164
2002-09-06,21.2450008392334
2002-09-09,22.110000610351562
2002-09-10,22.71500015258789
2002-09-11,23.0049991607666
2002-09-12,22.25
2002-09-13,22.385000228881836
2002-09-16,22.2549991607666
2002-09-17,21.954999923706055
2002-09-18,21.489999771118164
2002-09-19,21.06999969482422
2002-09-20,21.1200008392334
2002-09-23,20.540000915527344
2002-09-24,20.7450008392334
2002-09-25,21.360000610351562
2002-09-26,20.295000076293945
2002-09-27,19.704999923706055
2002-09-30,19.075000762939453
2002-10-01,18.93000030517578
2002-10-02,17.299999237060547
2002-10-03,17.059999465942383
2002-10-04,17.434999465942383
2002-10-07,16.315000534057617
2002-10-08,16.614999771118164
2002-10-09,17.204999923706055
2002-10-10,18.354999542236328
2002-10-11,19.46500015258789
2002-10-14,19.454999923706055
2002-10-15,19.114999771118164
2002-10-16,18.405000686645508
2002-10-17,18.5
2002-10-18,18.079999923706055
2002-10-21,18.780000686645508
2002-10-22,17.799999237060547
2002-10-23,18.280000686645508
2002-10-24,17.9950008392334
2002-10-25,18.635000228881836
2002-10-28,18.704999923706055
2002-10-29,18.375
2002-10-30,18.739999771118164
2002-10-31,18.924999237060547
2002-11-01,19.81999969482422
2002-11-04,20.80500030517578
2002-11-05,24.1200008392334
2002-11-06,23.674999237060547
2002-11-07,23.0049991607666
2002-11-08,23.25
2002-11-11,22.375
2002-11-12,22.725000381469727
2002-11-13,22.575000762939453
2002-11-14,24.469999313354492
2002-11-15,24.959999084472656
2002-11-18,24.424999237060547
2002-11-19,23.989999771118164
2002-11-20,24.68000030517578
2002-11-21,26.125
2002-11-22,25.860000610351562
2002-11-25,26.43000030517578
2002-11-26,25.059999465942383
2002-11-27,25.424999237060547
2002-11-29,25.989999771118164
2002-12-02,25.450000762939453
2002-12-03,25.350000381469727
2002-12-04,24.049999237060547
2002-12-05,21.979999542236328
2002-12-06,22.684999465942383
2002-12-09,21.725000381469727
2002-12-10,22.395000457763672
2002-12-11,22.610000610351562
2002-12-12,22.670000076293945
2002-12-13,22.190000534057617
2002-12-16,22.8799991607666
2002-12-17,22.735000610351562
2002-12-18,22.280000686645508
2002-12-19,22.104999542236328
2002-12-20,22.485000610351562
2002-12-23,22.844999313354492
2002-12-24,22.885000228881836
2002-12-26,23.084999084472656
2002-12-27,23.1200008392334
2002-12-30,23.075000762939453
2002-12-31,23.075000762939453
2003-01-02,23.459999084472656
2003-01-03,21.125
2003-01-06,21.815000534057617
2003-01-07,20.844999313354492
2003-01-08,21.049999237060547
2003-01-09,21.81999969482422
2003-01-10,21.635000228881836
2003-01-13,20.885000228881836
2003-01-14,21.485000610351562
2003-01-15,21.25
2003-01-16,20.315000534057617
2003-01-17,20.0
2003-01-21,19.600000381469727
2003-01-22,19.584999084472656
2003-01-23,20.1200008392334
2003-01-24,19.579999923706055
2003-01-27,19.239999771118164
2003-01-28,19.290000915527344
2003-01-29,19.704999923706055
2003-01-30,19.2450008392334
2003-01-31,19.334999084472656
2003-02-03,19.44499969482422
2003-02-04,19.084999084472656
2003-02-05,18.850000381469727
2003-02-06,18.78499984741211
2003-02-07,18.489999771118164
2003-02-10,18.31999969482422
2003-02-11,18.645000457763672
2003-02-12,18.655000686645508
2003-02-13,18.25
2003-02-14,19.18000030517578
2003-02-18,19.780000686645508
2003-02-19,19.875
2003-02-20,20.229999542236328
2003-02-21,20.575000762939453
2003-02-24,20.3700008392334
2003-02-25,20.459999084472656
2003-02-26,20.229999542236328
2003-02-27,20.344999313354492
2003-02-28,20.389999389648438
2003-03-03,20.440000534057617
2003-03-04,20.25
2003-03-05,20.1200008392334
2003-03-06,20.280000686645508
2003-03-07,20.459999084472656
2003-03-10,20.010000228881836
2003-03-11,20.0049991607666
2003-03-12,20.094999313354492
2003-03-13,21.100000381469727
2003-03-14,21.174999237060547
2003-03-17,22.19499969482422
2003-03-18,22.59000015258789
2003-03-19,22.825000762939453
2003-03-20,22.4950008392334
2003-03-21,22.635000228881836
2003-03-24,21.700000762939453
2003-03-25,22.135000228881836
2003-03-26,22.415000915527344
2003-03-27,22.415000915527344
2003-03-28,21.84000015258789
2003-03-31,21.28499984741211
2003-04-01,21.565000534057617
2003-04-02,22.280000686645508
2003-04-03,22.1200008392334
2003-04-04,22.645000457763672
2003-04-07,23.360000610351562
2003-04-08,23.06999969482422
2003-04-09,22.329999923706055
2003-04-10,22.274999618530273
2003-04-11,22.174999237060547
2003-04-14,23.049999237060547
2003-04-15,22.954999923706055
2003-04-16,23.075000762939453
2003-04-17,23.725000381469727
2003-04-21,23.579999923706055
2003-04-22,24.184999465942383
2003-04-23,24.299999237060547
2003-04-24,24.260000228881836
2003-04-25,23.600000381469727
2003-04-28,24.065000534057617
2003-04-29,24.295000076293945
2003-04-30,24.30500030517578
2003-05-01,24.850000381469727
2003-05-02,25.0
2003-05-05,25.334999084472656
2003-05-06,25.434999465942383
2003-05-07,25.549999237060547
2003-05-08,25.350000381469727
2003-05-09,25.719999313354492
2003-05-12,26.094999313354492
2003-05-13,25.71500015258789
2003-05-14,25.6200008392334
2003-05-15,25.979999542236328
2003-05-16,25.799999237060547
2003-05-19,25.0
2003-05-20,25.235000610351562
2003-05-21,25.450000762939453
2003-05-22,29.459999084472656
2003-05-23,29.325000762939453
2003-05-27,29.280000686645508
2003-05-28,29.950000762939453
2003-05-29,30.4950008392334
2003-05-30,30.645000457763672
2003-06-02,30.6200008392334
2003-06-03,30.950000762939453
2003-06-04,31.454999923706055
2003-06-05,31.950000762939453
2003-06-06,32.0099983215332
2003-06-09,31.799999237060547
2003-06-10,30.540000915527344
2003-06-11,30.469999313354492
2003-06-12,30.524999618530273
2003-06-13,29.795000076293945
2003-06-16,30.864999771118164
2003-06-17,30.899999618530273
2003-06-18,31.1299991607666
2003-06-19,30.670000076293945
2003-06-20,30.940000534057617
2003-06-23,30.850000381469727
2003-06-24,30.959999084472656
2003-06-25,31.795000076293945
2003-06-26,31.674999237060547
2003-06-27,31.200000762939453
2003-06-30,30.96500015258789
2003-07-01,31.219999313354492
2003-07-02,31.65999984741211
2003-07-03,31.34000015258789
2003-07-07,32.40999984741211
2003-07-08,32.54499816894531
2003-07-09,32.19499969482422
2003-07-10,31.899999618530273
2003-07-11,32.22999954223633
2003-07-14,32.76499938964844
2003-07-15,32.95500183105469
2003-07-16,31.80500030517578
2003-07-17,30.344999313354492
2003-07-18,30.229999542236328
2003-07-21,30.084999084472656
2003-07-22,30.520000457763672
2003-07-23,30.459999084472656
2003-07-24,30.010000228881836
2003-07-25,30.075000762939453
2003-07-28,30.475000381469727
2003-07-29,30.360000610351562
2003-07-30,30.0
2003-07-31,31.295000076293945
2003-08-01,31.40999984741211
2003-08-04,31.524999618530273
2003-08-05,31.594999313354492
2003-08-06,30.295000076293945
2003-08-07,30.854999542236328
2003-08-08,30.219999313354492
2003-08-11,32.18000030517578
2003-08-12,32.45500183105469
2003-08-13,32.52000045776367
2003-08-14,33.125
2003-08-15,33.314998626708984
2003-08-18,33.85499954223633
2003-08-19,34.5
2003-08-20,34.095001220703125
2003-08-21,34.435001373291016
2003-08-22,33.755001068115234
2003-08-25,33.21500015258789
2003-08-26,33.29499816894531
2003-08-27,33.724998474121094
2003-08-28,34.19499969482422
2003-08-29,34.10499954223633
2003-09-02,34.2400016784668
2003-09-03,34.189998626708984
2003-09-04,34.474998474121094
2003-09-05,33.875
2003-09-08,33.91999816894531
2003-09-09,33.39500045776367
2003-09-10,32.064998626708984
2003-09-11,32.04499816894531
2003-09-12,32.26499938964844
2003-09-15,32.17499923706055
2003-09-16,33.45000076293945
2003-09-17,33.650001525878906
2003-09-18,33.9900016784668
2003-09-19,34.28499984741211
2003-09-22,33.75
2003-09-23,33.45000076293945
2003-09-24,32.310001373291016
2003-09-25,31.700000762939453
2003-09-26,31.0
2003-09-29,31.350000381469727
2003-09-30,30.90999984741211
2003-10-01,30.709999084472656
2003-10-02,29.290000915527344
2003-10-03,28.860000610351562
2003-10-06,27.600000381469727
2003-10-07,28.06999969482422
2003-10-08,28.6299991607666
2003-10-09,27.100000381469727
2003-10-10,27.06999969482422
2003-10-13,28.190000534057617
2003-10-14,28.559999465942383
2003-10-15,28.59000015258789
2003-10-16,29.649999618530273
2003-10-17,29.420000076293945
2003-10-20,31.110000610351562
2003-10-21,31.399999618530273
2003-10-22,30.8799991607666
2003-10-23,30.770000457763672
2003-10-24,30.889999389648438
2003-10-27,31.40999984741211
2003-10-28,32.47999954223633
2003-10-29,32.290000915527344
2003-10-30,31.979999542236328
2003-10-31,31.719999313354492
2003-11-03,31.989999771118164
2003-11-04,31.520000457763672
2003-11-05,31.780000686645508
2003-11-06,31.65999984741211
2003-11-07,30.850000381469727
2003-11-10,30.299999237060547
2003-11-11,30.059999465942383
2003-11-12,30.8700008392334
2003-11-13,30.770000457763672
2003-11-14,30.280000686645508
2003-11-17,29.959999084472656
2003-11-18,28.899999618530273
2003-11-19,29.149999618530273
2003-11-20,29.149999618530273
2003-11-21,29.079999923706055
2003-11-24,29.690000534057617
2003-11-25,29.290000915527344
2003-11-26,29.56999969482422
2003-11-28,29.959999084472656
2003-12-01,30.850000381469727
2003-12-02,31.0
2003-12-03,31.25
2003-12-04,31.200000762939453
2003-12-05,30.549999237060547
2003-12-08,31.790000915527344
2003-12-09,31.790000915527344
2003-12-10,32.66999816894531
2003-12-11,33.45000076293945
2003-12-12,34.27000045776367
2003-12-15,33.790000915527344
2003-12-16,33.439998626708984
2003-12-17,32.90999984741211
2003-12-18,33.75
2003-12-19,33.36000061035156
2003-12-22,33.869998931884766
2003-12-23,34.220001220703125
2003-12-24,33.599998474121094
2003-12-26,34.130001068115234
2003-12-29,34.75
2003-12-30,34.27000045776367
2003-12-31,33.86000061035156
2004-01-02,33.66999816894531
2004-01-05,34.689998626708984
2004-01-06,35.7400016784668
2004-01-07,36.18000030517578
2004-01-08,35.790000915527344
2004-01-09,35.65999984741211
2004-01-12,36.66999816894531
2004-01-13,35.869998931884766
2004-01-14,35.70000076293945
2004-01-15,36.16999816894531
2004-01-16,37.04999923706055
2004-01-20,37.11000061035156
2004-01-21,36.18000030517578
2004-01-22,36.599998474121094
2004-01-23,37.0
2004-01-26,37.36000061035156
2004-01-27,37.31999969482422
2004-01-28,35.2599983215332
2004-01-29,35.4900016784668
2004-01-30,35.290000915527344
2004-02-02,35.52000045776367
2004-02-03,35.349998474121094
2004-02-04,34.52000045776367
2004-02-05,35.189998626708984
2004-02-06,36.09000015258789
2004-02-09,36.349998474121094
2004-02-10,35.68000030517578
2004-02-11,35.86000061035156
2004-02-12,35.72999954223633
2004-02-13,35.2599983215332
2004-02-17,35.900001525878906
2004-02-18,35.459999084472656
2004-02-19,35.29999923706055
2004-02-20,35.56999969482422
2004-02-23,34.43000030517578
2004-02-24,29.8799991607666
2004-02-25,29.829999923706055
2004-02-26,30.1200008392334
2004-02-27,29.6200008392334
2004-03-01,29.649999618530273
2004-03-02,30.030000686645508
2004-03-03,29.84000015258789
2004-03-04,30.290000915527344
2004-03-05,30.350000381469727
2004-03-08,29.81999969482422
2004-03-09,29.520000457763672
2004-03-10,28.969999313354492
2004-03-11,27.93000030517578
2004-03-12,28.280000686645508
2004-03-15,27.489999771118164
2004-03-16,27.559999465942383
2004-03-17,28.469999313354492
2004-03-18,28.6200008392334
2004-03-19,28.010000228881836
2004-03-22,27.59000015258789
2004-03-23,27.979999542236328
2004-03-24,28.1299991607666
2004-03-25,28.700000762939453
2004-03-26,28.469999313354492
2004-03-29,29.100000381469727
2004-03-30,29.010000228881836
2004-03-31,28.729999542236328
2004-04-01,29.260000228881836
2004-04-02,30.559999465942383
2004-04-05,30.780000686645508
2004-04-06,29.860000610351562
2004-04-07,29.719999313354492
2004-04-08,29.420000076293945
2004-04-12,29.6299991607666
2004-04-13,29.299999237060547
2004-04-14,29.049999237060547
2004-04-15,29.149999618530273
2004-04-16,28.68000030517578
2004-04-19,29.399999618530273
2004-04-20,28.600000381469727
2004-04-21,28.360000610351562
2004-04-22,28.399999618530273
2004-04-23,28.770000457763672
2004-04-26,28.280000686645508
2004-04-27,28.280000686645508
2004-04-28,27.65999984741211
2004-04-29,26.93000030517578
2004-04-30,26.729999542236328
2004-05-03,26.790000915527344
2004-05-04,27.100000381469727
2004-05-05,27.170000076293945
2004-05-06,26.81999969482422
2004-05-07,26.700000762939453
2004-05-10,26.6200008392334
2004-05-11,26.56999969482422
2004-05-12,26.43000030517578
2004-05-13,25.8700008392334
2004-05-14,25.770000457763672
2004-05-17,25.190000534057617
2004-05-18,25.299999237060547
2004-05-19,25.31999969482422
2004-05-20,28.270000457763672
2004-05-21,29.719999313354492
2004-05-24,29.3700008392334
2004-05-25,29.510000228881836
2004-05-26,29.8700008392334
2004-05-27,29.6299991607666
2004-05-28,29.600000381469727
2004-06-01,29.729999542236328
2004-06-02,29.649999618530273
2004-06-03,29.549999237060547
2004-06-04,29.770000457763672
2004-06-07,30.5
2004-06-08,30.450000762939453
2004-06-09,29.670000076293945
2004-06-10,30.1200008392334
2004-06-14,29.559999465942383
2004-06-15,30.149999618530273
2004-06-16,30.329999923706055
2004-06-17,29.940000534057617
2004-06-18,29.889999389648438
2004-06-21,29.360000610351562
2004-06-22,29.479999542236328
2004-06-23,29.559999465942383
2004-06-24,29.3700008392334
2004-06-25,29.309999465942383
2004-06-28,28.270000457763672
2004-06-29,28.459999084472656
2004-06-30,28.43000030517578
2004-07-01,28.110000610351562
2004-07-02,27.639999389648438
2004-07-06,26.610000610351562
2004-07-07,26.540000915527344
2004-07-08,26.299999237060547
2004-07-09,26.610000610351562
2004-07-12,26.31999969482422
2004-07-13,26.700000762939453
2004-07-14,26.15999984741211
2004-07-15,25.65999984741211
2004-07-16,24.920000076293945
2004-07-19,25.209999084472656
2004-07-20,25.690000534057617
2004-07-21,24.649999618530273
2004-07-22,24.700000762939453
2004-07-23,24.1200008392334
2004-07-26,23.90999984741211
2004-07-27,24.010000228881836
2004-07-28,24.850000381469727
2004-07-29,24.989999771118164
2004-07-30,25.25
2004-08-02,21.049999237060547
2004-08-03,20.829999923706055
2004-08-04,21.25
2004-08-05,20.6200008392334
2004-08-06,20.200000762939453
2004-08-09,20.549999237060547
2004-08-10,20.770000457763672
2004-08-11,20.260000228881836
2004-08-12,19.959999084472656
2004-08-13,20.020000457763672
2004-08-16,20.43000030517578
2004-08-17,20.299999237060547
2004-08-18,21.280000686645508
2004-08-19,14.649999618530273
2004-08-20,14.800000190734863
2004-08-23,15.180000305175781
2004-08-24,15.0600004196167
2004-08-25,15.40999984741211
2004-08-26,15.609999656677246
2004-08-27,15.829999923706055
2004-08-30,15.869999885559082
2004-08-31,15.960000038146973
2004-09-01,15.800000190734863
2004-09-02,16.100000381469727
2004-09-03,16.0
2004-09-07,16.100000381469727
2004-09-08,16.190000534057617
2004-09-09,16.459999084472656
2004-09-10,16.850000381469727
2004-09-13,16.829999923706055
2004-09-14,16.920000076293945
2004-09-15,16.600000381469727
2004-09-16,16.8799991607666
2004-09-17,17.010000228881836
2004-09-20,16.719999313354492
2004-09-21,16.65999984741211
2004-09-22,16.209999084472656
2004-09-23,15.979999542236328
2004-09-24,15.609999656677246
2004-09-27,15.569999694824219
2004-09-28,15.5600004196167
2004-09-29,15.630000114440918
2004-09-30,15.760000228881836
2004-10-01,16.559999465942383
2004-10-04,16.59000015258789
2004-10-05,16.31999969482422
2004-10-06,16.829999923706055
2004-10-07,16.670000076293945
2004-10-08,16.06999969482422
2004-10-11,16.260000228881836
2004-10-12,16.190000534057617
2004-10-13,16.229999542236328
2004-10-14,16.059999465942383
2004-10-15,16.0
2004-10-18,16.18000030517578
2004-10-19,15.90999984741211
2004-10-20,16.059999465942383
2004-10-21,16.530000686645508
2004-10-22,15.720000267028809
2004-10-25,15.699999809265137
2004-10-26,15.859999656677246
2004-10-27,16.200000762939453
2004-10-28,16.149999618530273
2004-10-29,16.239999771118164
2004-11-01,16.489999771118164
2004-11-02,16.540000915527344
2004-11-03,16.760000228881836
2004-11-04,16.90999984741211
2004-11-05,17.06999969482422
2004-11-08,16.979999542236328
2004-11-09,16.600000381469727
2004-11-10,16.709999084472656
2004-11-11,16.770000457763672
2004-11-12,17.040000915527344
2004-11-15,17.09000015258789
2004-11-16,17.15999984741211
2004-11-17,17.6299991607666
2004-11-18,17.860000610351562
2004-11-19,17.440000534057617
2004-11-22,17.729999542236328
2004-11-23,17.75
2004-11-24,18.3700008392334
2004-11-26,18.1200008392334
2004-11-29,18.170000076293945
2004-11-30,17.6299991607666
2004-12-01,18.639999389648438
2004-12-02,18.56999969482422
2004-12-03,18.489999771118164
2004-12-06,18.25
2004-12-07,17.81999969482422
2004-12-08,17.850000381469727
2004-12-09,17.670000076293945
2004-12-10,17.579999923706055
2004-12-13,18.229999542236328
2004-12-14,18.65999984741211
2004-12-15,18.709999084472656
2004-12-16,18.280000686645508
2004-12-17,18.549999237060547
2004-12-20,18.3799991607666
2004-12-21,18.739999771118164
2004-12-22,18.540000915527344
2004-12-23,18.549999237060547
2004-12-27,18.969999313354492
2004-12-28,19.290000915527344
2004-12-29,19.3700008392334
2004-12-30,19.329999923706055
2004-12-31,19.549999237060547
2005-01-03,19.40999984741211
2005-01-04,18.579999923706055
2005-01-05,18.06999969482422
2005-01-06,17.899999618530273
2005-01-07,17.979999542236328
2005-01-10,18.049999237060547
2005-01-11,17.8700008392334
2005-01-12,17.709999084472656
2005-01-13,17.5
2005-01-14,17.530000686645508
2005-01-18,17.700000762939453
2005-01-19,17.139999389648438
2005-01-20,17.139999389648438
2005-01-21,16.989999771118164
2005-01-24,16.790000915527344
2005-01-25,16.93000030517578
2005-01-26,17.209999084472656
2005-01-27,17.190000534057617
2005-01-28,17.1200008392334
2005-01-31,17.0
2005-02-01,17.1200008392334
2005-02-02,17.06999969482422
2005-02-03,16.889999389648438
2005-02-04,17.6299991607666
2005-02-07,17.709999084472656
2005-02-08,17.5
2005-02-09,17.0
2005-02-10,17.260000228881836
2005-02-11,18.15999984741211
2005-02-14,18.43000030517578
2005-02-15,18.670000076293945
2005-02-16,18.799999237060547
2005-02-17,18.510000228881836
2005-02-18,18.450000762939453
2005-02-22,18.09000015258789
2005-02-23,18.3700008392334
2005-02-24,18.190000534057617
2005-02-25,18.200000762939453
2005-02-28,18.100000381469727
2005-03-01,18.31999969482422
2005-03-02,18.25
2005-03-03,17.719999313354492
2005-03-04,18.079999923706055
2005-03-07,18.389999389648438
2005-03-08,18.209999084472656
2005-03-09,18.209999084472656
2005-03-10,18.020000457763672
2005-03-11,17.950000762939453
2005-03-14,18.200000762939453
2005-03-15,18.170000076293945
2005-03-16,18.18000030517578
2005-03-17,18.18000030517578
2005-03-18,18.09000015258789
2005-03-21,18.1200008392334
2005-03-22,18.049999237060547
2005-03-23,18.030000686645508
2005-03-24,17.979999542236328
2005-03-28,18.1200008392334
2005-03-29,18.149999618530273
2005-03-30,18.309999465942383
2005-03-31,18.100000381469727
2005-04-01,18.100000381469727
2005-04-04,18.020000457763672
2005-04-05,17.190000534057617
2005-04-06,17.190000534057617
2005-04-07,17.520000457763672
2005-04-08,17.170000076293945
2005-04-11,17.280000686645508
2005-04-12,17.18000030517578
2005-04-13,17.229999542236328
2005-04-14,16.850000381469727
2005-04-15,16.920000076293945
2005-04-18,16.68000030517578
2005-04-19,16.90999984741211
2005-04-20,16.670000076293945
2005-04-21,17.040000915527344
2005-04-22,16.969999313354492
2005-04-25,17.100000381469727
2005-04-26,16.6200008392334
2005-04-27,16.899999618530273
2005-04-28,16.530000686645508
2005-04-29,16.440000534057617
2005-05-02,16.690000534057617
2005-05-03,16.889999389648438
2005-05-04,17.110000610351562
2005-05-05,16.8700008392334
2005-05-06,16.940000534057617
2005-05-09,16.84000015258789
2005-05-10,16.84000015258789
2005-05-11,17.280000686645508
2005-05-12,16.850000381469727
2005-05-13,17.100000381469727
2005-05-16,17.200000762939453
2005-05-17,17.309999465942383
2005-05-18,17.979999542236328
2005-05-19,18.030000686645508
2005-05-20,17.940000534057617
2005-05-23,17.829999923706055
2005-05-24,17.93000030517578
2005-05-25,17.8799991607666
2005-05-26,18.3799991607666
2005-05-27,18.1299991607666
2005-05-31,18.06999969482422
2005-06-01,18.280000686645508
2005-06-02,18.469999313354492
2005-06-03,17.90999984741211
2005-06-06,18.149999618530273
2005-06-07,18.079999923706055
2005-06-08,18.260000228881836
2005-06-09,18.329999923706055
2005-06-10,18.329999923706055
2005-06-13,18.56999969482422
2005-06-14,18.6200008392334
2005-06-15,18.5
2005-06-16,18.799999237060547
2005-06-17,17.440000534057617
2005-06-20,17.489999771118164
2005-06-21,17.420000076293945
2005-06-22,17.309999465942383
2005-06-23,17.15999984741211
2005-06-24,16.799999237060547
2005-06-27,16.610000610351562
2005-06-28,16.799999237060547
2005-06-29,16.8799991607666
2005-06-30,16.670000076293945
2005-07-01,16.649999618530273
2005-07-05,16.799999237060547
2005-07-06,16.739999771118164
2005-07-07,16.850000381469727
2005-07-08,17.5
2005-07-11,17.600000381469727
2005-07-12,17.93000030517578
2005-07-13,17.899999618530273
2005-07-14,18.09000015258789
2005-07-15,17.920000076293945
2005-07-18,18.1200008392334
2005-07-19,18.010000228881836
2005-07-20,18.329999923706055
2005-07-21,18.15999984741211
2005-07-22,17.93000030517578
2005-07-25,17.950000762939453
2005-07-26,17.81999969482422
2005-07-27,18.059999465942383
2005-07-28,18.229999542236328
2005-07-29,18.510000228881836
2005-08-01,18.709999084472656
2005-08-02,18.739999771118164
2005-08-03,18.170000076293945
2005-08-04,17.899999618530273
2005-08-05,17.540000915527344
2005-08-08,17.389999389648438
2005-08-09,17.25
2005-08-10,17.1200008392334
2005-08-11,17.260000228881836
2005-08-12,17.290000915527344
2005-08-15,17.190000534057617
2005-08-16,16.989999771118164
2005-08-17,16.979999542236328
2005-08-18,18.479999542236328
2005-08-19,18.510000228881836
2005-08-22,18.6299991607666
2005-08-23,18.479999542236328
2005-08-24,18.6200008392334
2005-08-25,18.700000762939453
2005-08-26,18.709999084472656
2005-08-29,18.84000015258789
2005-08-30,18.700000762939453
2005-08-31,19.0
2005-09-01,18.760000228881836
2005-09-02,18.770000457763672
2005-09-06,19.020000457763672
2005-09-07,18.889999389648438
2005-09-08,18.90999984741211
2005-09-09,19.020000457763672
2005-09-12,18.700000762939453
2005-09-13,18.56999969482422
2005-09-14,18.68000030517578
2005-09-15,18.600000381469727
2005-09-16,18.6200008392334
2005-09-19,18.25
2005-09-20,18.389999389648438
2005-09-21,18.459999084472656
2005-09-22,18.579999923706055
2005-09-23,18.360000610351562
2005-09-26,18.709999084472656
2005-09-27,18.649999618530273
2005-09-28,18.610000610351562
2005-09-29,18.81999969482422
2005-09-30,18.899999618530273
2005-10-03,19.0
2005-10-04,19.18000030517578
2005-10-05,18.700000762939453
2005-10-06,18.510000228881836
2005-10-07,18.440000534057617
2005-10-10,18.450000762939453
2005-10-11,18.639999389648438
2005-10-12,18.56999969482422
2005-10-13,18.700000762939453
2005-10-14,18.829999923706055
2005-10-17,18.809999465942383
2005-10-18,18.469999313354492
2005-10-19,18.729999542236328
2005-10-20,18.389999389648438
2005-10-21,18.520000457763672
2005-10-24,18.84000015258789
2005-10-25,18.719999313354492
2005-10-26,18.829999923706055
2005-10-27,18.3799991607666
2005-10-28,18.6299991607666
2005-10-31,18.950000762939453
2005-11-01,18.719999313354492
2005-11-02,18.65999984741211
2005-11-03,18.610000610351562
2005-11-04,18.530000686645508
2005-11-07,18.440000534057617
2005-11-08,18.479999542236328
2005-11-09,18.540000915527344
2005-11-10,18.579999923706055
2005-11-11,18.770000457763672
2005-11-14,18.989999771118164
2005-11-15,19.290000915527344
2005-11-16,19.969999313354492
2005-11-17,20.010000228881836
2005-11-18,19.799999237060547
2005-11-21,19.959999084472656
2005-11-22,20.059999465942383
2005-11-23,19.969999313354492
2005-11-25,19.739999771118164
2005-11-28,19.3700008392334
2005-11-29,19.219999313354492
2005-11-30,19.56999969482422
2005-12-01,20.40999984741211
2005-12-02,21.100000381469727
2005-12-05,20.770000457763672
2005-12-06,20.729999542236328
2005-12-07,20.690000534057617
2005-12-08,20.389999389648438
2005-12-09,20.6299991607666
2005-12-12,20.56999969482422
2005-12-13,20.770000457763672
2005-12-14,20.780000686645508
2005-12-15,20.799999237060547
2005-12-16,20.799999237060547
2005-12-19,20.40999984741211
2005-12-20,20.34000015258789
2005-12-21,20.530000686645508
2005-12-22,20.6200008392334
2005-12-23,20.649999618530273
2005-12-27,20.450000762939453
2005-12-28,20.3799991607666
2005-12-29,20.229999542236328
2005-12-30,20.059999465942383
2006-01-03,20.459999084472656
2006-01-04,20.850000381469727
2006-01-05,20.549999237060547
2006-01-06,20.610000610351562
2006-01-09,20.979999542236328
2006-01-10,20.979999542236328
2006-01-11,21.34000015258789
2006-01-12,21.670000076293945
2006-01-13,21.399999618530273
2006-01-17,21.149999618530273
2006-01-18,21.0
2006-01-19,21.059999465942383
2006-01-20,20.540000915527344
2006-01-23,20.81999969482422
2006-01-24,21.020000457763672
2006-01-25,20.690000534057617
2006-01-26,21.649999618530273
2006-01-27,21.829999923706055
2006-01-30,22.270000457763672
2006-01-31,22.110000610351562
2006-02-01,22.959999084472656
2006-02-02,22.809999465942383
2006-02-03,22.3799991607666
2006-02-06,22.219999313354492
2006-02-07,21.979999542236328
2006-02-08,22.110000610351562
2006-02-09,22.190000534057617
2006-02-10,22.229999542236328
2006-02-13,21.969999313354492
2006-02-14,22.149999618530273
2006-02-15,22.219999313354492
2006-02-16,22.829999923706055
2006-02-17,22.729999542236328
2006-02-21,22.540000915527344
2006-02-22,22.540000915527344
2006-02-23,22.25
2006-02-24,22.200000762939453
2006-02-27,22.1200008392334
2006-02-28,21.8700008392334
2006-03-01,21.989999771118164
2006-03-02,22.489999771118164
2006-03-03,22.100000381469727
2006-03-06,22.18000030517578
2006-03-07,22.030000686645508
2006-03-08,22.0
2006-03-09,21.8799991607666
2006-03-10,21.899999618530273
2006-03-13,21.979999542236328
2006-03-14,22.290000915527344
2006-03-15,22.739999771118164
2006-03-16,22.239999771118164
2006-03-17,22.110000610351562
2006-03-20,22.239999771118164
2006-03-21,22.030000686645508
2006-03-22,21.90999984741211
2006-03-23,21.450000762939453
2006-03-24,21.420000076293945
2006-03-27,21.389999389648438
2006-03-28,21.420000076293945
2006-03-29,21.90999984741211
2006-03-30,21.93000030517578
2006-03-31,22.350000381469727
2006-04-03,22.09000015258789
2006-04-04,21.790000915527344
2006-04-05,22.010000228881836
2006-04-06,21.860000610351562
2006-04-07,21.639999389648438
2006-04-10,21.350000381469727
2006-04-11,21.399999618530273
2006-04-12,21.3700008392334
2006-04-13,21.459999084472656
2006-04-17,21.040000915527344
2006-04-18,21.399999618530273
2006-04-19,21.739999771118164
2006-04-20,21.8700008392334
2006-04-21,21.979999542236328
2006-04-24,21.90999984741211
2006-04-25,21.729999542236328
2006-04-26,21.639999389648438
2006-04-27,21.739999771118164
2006-04-28,21.829999923706055
2006-05-01,21.780000686645508
2006-05-02,21.84000015258789
2006-05-03,21.65999984741211
2006-05-04,21.8799991607666
2006-05-05,21.899999618530273
2006-05-08,21.65999984741211
2006-05-09,21.510000228881836
2006-05-10,21.139999389648438
2006-05-11,20.84000015258789
2006-05-12,20.65999984741211
2006-05-15,20.479999542236328
2006-05-16,20.40999984741211
2006-05-17,20.440000534057617
2006-05-18,20.75
2006-05-19,20.6200008392334
2006-05-22,20.399999618530273
2006-05-23,20.200000762939453
2006-05-24,20.459999084472656
2006-05-25,20.530000686645508
2006-05-26,20.690000534057617
2006-05-30,20.329999923706055
2006-05-31,20.43000030517578
2006-06-01,19.93000030517578
2006-06-02,19.850000381469727
2006-06-05,19.610000610351562
2006-06-06,19.799999237060547
2006-06-07,19.760000228881836
2006-06-08,19.299999237060547
2006-06-09,19.260000228881836
2006-06-12,19.309999465942383
2006-06-13,18.770000457763672
2006-06-14,18.979999542236328
2006-06-15,19.100000381469727
2006-06-16,19.079999923706055
2006-06-19,18.940000534057617
2006-06-20,18.709999084472656
2006-06-21,18.790000915527344
2006-06-22,18.469999313354492
2006-06-23,18.81999969482422
2006-06-26,18.799999237060547
2006-06-27,18.56999969482422
2006-06-28,18.520000457763672
2006-06-29,19.010000228881836
2006-06-30,18.770000457763672
2006-07-03,19.219999313354492
2006-07-05,18.829999923706055
2006-07-06,18.899999618530273
2006-07-07,18.59000015258789
2006-07-10,18.190000534057617
2006-07-11,18.360000610351562
2006-07-12,18.219999313354492
2006-07-13,17.8799991607666
2006-07-14,17.81999969482422
2006-07-17,17.649999618530273
2006-07-18,17.440000534057617
2006-07-19,17.610000610351562
2006-07-20,17.3700008392334
2006-07-21,17.18000030517578
2006-07-24,17.260000228881836
2006-07-25,17.3799991607666
2006-07-26,17.56999969482422
2006-07-27,17.549999237060547
2006-07-28,17.780000686645508
2006-07-31,17.899999618530273
2006-08-01,17.530000686645508
2006-08-02,17.889999389648438
2006-08-03,17.989999771118164
2006-08-04,17.860000610351562
2006-08-07,17.719999313354492
2006-08-08,17.540000915527344
2006-08-09,17.59000015258789
2006-08-10,17.809999465942383
2006-08-11,17.649999618530273
2006-08-14,17.899999618530273
2006-08-15,18.239999771118164
2006-08-16,18.600000381469727
2006-08-17,18.110000610351562
2006-08-18,18.020000457763672
2006-08-21,18.049999237060547
2006-08-22,18.0
2006-08-23,18.479999542236328
2006-08-24,18.540000915527344
2006-08-25,18.450000762939453
2006-08-28,18.729999542236328
2006-08-29,19.030000686645508
2006-08-30,18.989999771118164
2006-08-31,18.959999084472656
2006-09-01,18.700000762939453
2006-09-05,18.899999618530273
2006-09-06,18.510000228881836
2006-09-07,18.3799991607666
2006-09-08,18.809999465942383
2006-09-11,18.8700008392334
2006-09-12,19.290000915527344
2006-09-13,19.34000015258789
2006-09-14,19.610000610351562
2006-09-15,19.469999313354492
2006-09-18,19.420000076293945
2006-09-19,19.3799991607666
2006-09-20,19.799999237060547
2006-09-21,19.610000610351562
2006-09-22,19.649999618530273
2006-09-25,19.799999237060547
2006-09-26,19.940000534057617
2006-09-27,20.0
2006-09-28,19.8700008392334
2006-09-29,19.719999313354492
2006-10-02,19.5
2006-10-03,19.399999618530273
2006-10-04,19.84000015258789
2006-10-05,20.0
2006-10-06,19.969999313354492
2006-10-09,20.149999618530273
2006-10-10,20.170000076293945
2006-10-11,20.15999984741211
2006-10-12,20.6200008392334
2006-10-13,21.299999237060547
2006-10-16,21.360000610351562
2006-10-17,21.989999771118164
2006-10-18,22.190000534057617
2006-10-19,22.299999237060547
2006-10-20,22.31999969482422
2006-10-23,22.5
2006-10-24,22.229999542236328
2006-10-25,22.299999237060547
2006-10-26,22.459999084472656
2006-10-27,22.31999969482422
2006-10-30,22.579999923706055
2006-10-31,22.510000228881836
2006-11-01,22.139999389648438
2006-11-02,22.479999542236328
2006-11-03,22.309999465942383
2006-11-06,22.440000534057617
2006-11-07,22.440000534057617
2006-11-08,22.260000228881836
2006-11-09,22.420000076293945
2006-11-10,22.75
2006-11-13,22.799999237060547
2006-11-14,23.0
2006-11-15,23.010000228881836
2006-11-16,22.979999542236328
2006-11-17,22.780000686645508
2006-11-20,22.989999771118164
2006-11-21,22.959999084472656
2006-11-22,22.760000228881836
2006-11-24,22.579999923706055
2006-11-27,22.200000762939453
2006-11-28,22.1200008392334
2006-11-29,23.239999771118164
2006-11-30,25.549999237060547
2006-12-01,25.469999313354492
2006-12-04,25.989999771118164
2006-12-05,26.09000015258789
2006-12-06,26.170000076293945
2006-12-07,26.209999084472656
2006-12-08,26.280000686645508
2006-12-11,26.649999618530273
2006-12-12,26.510000228881836
2006-12-13,26.84000015258789
2006-12-14,26.729999542236328
2006-12-15,26.700000762939453
2006-12-18,26.239999771118164
2006-12-19,26.530000686645508
2006-12-20,26.860000610351562
2006-12-21,26.739999771118164
2006-12-22,26.479999542236328
2006-12-26,26.690000534057617
2006-12-27,26.760000228881836
2006-12-28,26.579999923706055
2006-12-29,26.729999542236328
2007-01-03,26.489999771118164
2007-01-04,26.899999618530273
2007-01-05,26.540000915527344
2007-01-08,26.790000915527344
2007-01-09,26.6299991607666
2007-01-10,26.90999984741211
2007-01-11,26.950000762939453
2007-01-12,26.969999313354492
2007-01-16,27.139999389648438
2007-01-17,27.450000762939453
2007-01-18,26.549999237060547
2007-01-19,26.389999389648438
2007-01-22,26.260000228881836
2007-01-23,26.139999389648438
2007-01-24,26.75
2007-01-25,26.510000228881836
2007-01-26,26.34000015258789
2007-01-29,26.190000534057617
2007-01-30,27.0
2007-01-31,26.600000381469727
2007-02-01,26.56999969482422
2007-02-02,26.389999389648438
2007-02-05,26.40999984741211
2007-02-06,26.260000228881836
2007-02-07,26.739999771118164
2007-02-08,26.719999313354492
2007-02-09,26.09000015258789
2007-02-12,25.84000015258789
2007-02-13,25.860000610351562
2007-02-14,26.06999969482422
2007-02-15,26.31999969482422
2007-02-16,26.15999984741211
2007-02-20,26.65999984741211
2007-02-21,26.81999969482422
2007-02-22,26.1299991607666
2007-02-23,26.3700008392334
2007-02-26,26.290000915527344
2007-02-27,25.579999923706055
2007-02-28,25.579999923706055
2007-03-01,24.8799991607666
2007-03-02,24.600000381469727
2007-03-05,24.329999923706055
2007-03-06,25.450000762939453
2007-03-07,25.350000381469727
2007-03-08,25.149999618530273
2007-03-09,25.68000030517578
2007-03-12,26.15999984741211
2007-03-13,26.030000686645508
2007-03-14,26.170000076293945
2007-03-15,26.489999771118164
2007-03-16,26.510000228881836
2007-03-19,26.360000610351562
2007-03-20,26.75
2007-03-21,26.940000534057617
2007-03-22,27.010000228881836
2007-03-23,26.649999618530273
2007-03-26,26.489999771118164
2007-03-27,26.489999771118164
2007-03-28,26.290000915527344
2007-03-29,26.110000610351562
2007-03-30,26.229999542236328
2007-04-02,26.25
2007-04-03,26.649999618530273
2007-04-04,26.68000030517578
2007-04-05,26.899999618530273
2007-04-09,26.940000534057617
2007-04-10,26.459999084472656
2007-04-11,26.649999618530273
2007-04-12,26.950000762939453
2007-04-13,26.75
2007-04-16,27.1200008392334
2007-04-17,27.489999771118164
2007-04-18,27.43000030517578
2007-04-19,27.34000015258789
2007-04-20,27.700000762939453
2007-04-23,27.700000762939453
2007-04-24,28.079999923706055
2007-04-25,28.079999923706055
2007-04-26,27.950000762939453
2007-04-27,28.020000457763672
2007-04-30,27.65999984741211
2007-05-01,27.68000030517578
2007-05-02,27.8700008392334
2007-05-03,27.989999771118164
2007-05-04,28.25
2007-05-07,28.149999618530273
2007-05-08,28.139999389648438
2007-05-09,28.420000076293945
2007-05-10,28.030000686645508
2007-05-11,28.3799991607666
2007-05-14,28.209999084472656
2007-05-15,28.06999969482422
2007-05-16,27.780000686645508
2007-05-17,27.479999542236328
2007-05-18,27.829999923706055
2007-05-21,28.309999465942383
2007-05-22,28.290000915527344
2007-05-23,28.299999237060547
2007-05-24,25.389999389648438
2007-05-25,26.65999984741211
2007-05-29,26.350000381469727
2007-05-30,26.729999542236328
2007-05-31,26.520000457763672
2007-06-01,27.260000228881836
2007-06-04,27.780000686645508
2007-06-05,27.540000915527344
2007-06-06,27.5
2007-06-07,27.3700008392334
2007-06-08,27.479999542236328
2007-06-11,27.010000228881836
2007-06-12,26.690000534057617
2007-06-13,26.850000381469727
2007-06-14,26.989999771118164
2007-06-15,27.030000686645508
2007-06-18,26.8799991607666
2007-06-19,27.1200008392334
2007-06-20,26.65999984741211
2007-06-21,26.8700008392334
2007-06-22,26.59000015258789
2007-06-25,26.31999969482422
2007-06-26,26.360000610351562
2007-06-27,26.860000610351562
2007-06-28,26.799999237060547
2007-06-29,26.43000030517578
2007-07-02,26.8799991607666
2007-07-03,26.8700008392334
2007-07-05,26.56999969482422
2007-07-06,26.799999237060547
2007-07-09,26.56999969482422
2007-07-10,26.290000915527344
2007-07-11,26.450000762939453
2007-07-12,27.139999389648438
2007-07-13,26.860000610351562
2007-07-16,26.8700008392334
2007-07-17,27.200000762939453
2007-07-18,26.829999923706055
2007-07-19,27.450000762939453
2007-07-20,26.899999618530273
2007-07-23,27.09000015258789
2007-07-24,26.40999984741211
2007-07-25,26.549999237060547
2007-07-26,25.600000381469727
2007-07-27,25.420000076293945
2007-07-30,25.030000686645508
2007-07-31,24.459999084472656
2007-08-01,24.219999313354492
2007-08-02,25.1299991607666
2007-08-03,24.0
2007-08-06,23.950000762939453
2007-08-07,23.399999618530273
2007-08-08,23.639999389648438
2007-08-09,23.65999984741211
2007-08-10,24.920000076293945
2007-08-13,24.950000762939453
2007-08-14,24.81999969482422
2007-08-15,24.760000228881836
2007-08-16,23.6200008392334
2007-08-17,24.030000686645508
2007-08-20,24.309999465942383
2007-08-21,25.020000457763672
2007-08-22,25.760000228881836
2007-08-23,26.979999542236328
2007-08-24,27.040000915527344
2007-08-27,27.049999237060547
2007-08-28,26.799999237060547
2007-08-29,27.149999618530273
2007-08-30,27.0
2007-08-31,27.31999969482422
2007-09-04,26.90999984741211
2007-09-05,26.760000228881836
2007-09-06,27.06999969482422
2007-09-07,26.709999084472656
2007-09-10,26.399999618530273
2007-09-11,26.489999771118164
2007-09-12,26.649999618530273
2007-09-13,26.440000534057617
2007-09-14,25.889999389648438
2007-09-17,25.90999984741211
2007-09-18,26.43000030517578
2007-09-19,26.510000228881836
2007-09-20,26.3799991607666
2007-09-21,26.43000030517578
2007-09-24,26.200000762939453
2007-09-25,26.360000610351562
2007-09-26,26.440000534057617
2007-09-27,26.989999771118164
2007-09-28,27.079999923706055
2007-10-01,27.469999313354492
2007-10-02,27.219999313354492
2007-10-03,27.309999465942383
2007-10-04,26.940000534057617
2007-10-05,26.889999389648438
2007-10-08,26.829999923706055
2007-10-09,27.780000686645508
2007-10-10,28.0
2007-10-11,28.34000015258789
2007-10-12,28.600000381469727
2007-10-15,28.479999542236328
2007-10-16,28.34000015258789
2007-10-17,28.639999389648438
2007-10-18,28.59000015258789
2007-10-19,27.479999542236328
2007-10-22,28.030000686645508
2007-10-23,27.860000610351562
2007-10-24,27.860000610351562
2007-10-25,27.389999389648438
2007-10-26,27.59000015258789
2007-10-29,27.399999618530273
2007-10-30,27.440000534057617
2007-10-31,28.260000228881836
2007-11-01,27.850000381469727
2007-11-02,28.020000457763672
2007-11-05,27.700000762939453
2007-11-06,26.600000381469727
2007-11-07,25.770000457763672
2007-11-08,25.329999923706055
2007-11-09,24.350000381469727
2007-11-12,24.09000015258789
2007-11-13,24.34000015258789
2007-11-14,24.520000457763672
2007-11-15,24.219999313354492
2007-11-16,24.329999923706055
2007-11-19,23.969999313354492
2007-11-20,23.489999771118164
2007-11-21,23.299999237060547
2007-11-23,23.389999389648438
2007-11-26,23.670000076293945
2007-11-27,24.040000915527344
2007-11-28,24.540000915527344
2007-11-29,24.579999923706055
2007-11-30,24.610000610351562
2007-12-03,23.600000381469727
2007-12-04,23.989999771118164
2007-12-05,24.299999237060547
2007-12-06,25.059999465942383
2007-12-07,27.3799991607666
2007-12-10,27.139999389648438
2007-12-11,26.190000534057617
2007-12-12,26.6200008392334
2007-12-13,26.780000686645508
2007-12-14,26.030000686645508
2007-12-17,25.6299991607666
2007-12-18,25.709999084472656
2007-12-19,25.709999084472656
2007-12-20,25.8799991607666
2007-12-21,26.110000610351562
2007-12-24,26.260000228881836
2007-12-26,26.459999084472656
2007-12-27,26.010000228881836
2007-12-28,25.8799991607666
2007-12-31,25.93000030517578
2008-01-02,25.200000762939453
2008-01-03,24.899999618530273
2008-01-04,24.729999542236328
2008-01-07,24.399999618530273
2008-01-08,23.59000015258789
2008-01-09,23.209999084472656
2008-01-10,23.399999618530273
2008-01-11,23.170000076293945
2008-01-14,23.700000762939453
2008-01-15,23.700000762939453
2008-01-16,23.809999465942383
2008-01-17,23.440000534057617
2008-01-18,23.850000381469727
2008-01-22,23.209999084472656
2008-01-23,22.6200008392334
2008-01-24,23.030000686645508
2008-01-25,23.049999237060547
2008-01-28,23.469999313354492
2008-01-29,24.1299991607666
2008-01-30,24.040000915527344
2008-01-31,22.020000457763672
2008-02-01,22.780000686645508
2008-02-04,23.209999084472656
2008-02-05,22.780000686645508
2008-02-06,22.329999923706055
2008-02-07,22.049999237060547
2008-02-08,22.290000915527344
2008-02-11,22.389999389648438
2008-02-12,22.40999984741211
2008-02-13,23.139999389648438
2008-02-14,23.489999771118164
2008-02-15,23.030000686645508
2008-02-19,23.469999313354492
2008-02-20,23.030000686645508
2008-02-21,23.520000457763672
2008-02-22,23.59000015258789
2008-02-25,23.860000610351562
2008-02-26,24.329999923706055
2008-02-27,24.219999313354492
2008-02-28,23.709999084472656
2008-02-29,23.209999084472656
2008-03-03,22.969999313354492
2008-03-04,22.899999618530273
2008-03-05,23.1299991607666
2008-03-06,22.75
2008-03-07,22.549999237060547
2008-03-10,22.81999969482422
2008-03-11,23.040000915527344
2008-03-12,22.420000076293945
2008-03-13,22.700000762939453
2008-03-14,22.209999084472656
2008-03-17,21.329999923706055
2008-03-18,22.010000228881836
2008-03-19,21.989999771118164
2008-03-20,21.780000686645508
2008-03-24,22.559999465942383
2008-03-25,22.559999465942383
2008-03-26,23.079999923706055
2008-03-27,22.670000076293945
2008-03-28,22.780000686645508
2008-03-31,22.709999084472656
2008-04-01,23.209999084472656
2008-04-02,23.229999542236328
2008-04-03,23.079999923706055
2008-04-04,23.530000686645508
2008-04-07,23.6200008392334
2008-04-08,23.450000762939453
2008-04-09,22.579999923706055
2008-04-10,22.989999771118164
2008-04-11,22.239999771118164
2008-04-14,22.190000534057617
2008-04-15,21.940000534057617
2008-04-16,22.90999984741211
2008-04-17,22.729999542236328
2008-04-18,23.1299991607666
2008-04-21,22.709999084472656
2008-04-22,22.030000686645508
2008-04-23,22.549999237060547
2008-04-24,23.280000686645508
2008-04-25,23.020000457763672
2008-04-28,22.65999984741211
2008-04-29,23.280000686645508
2008-04-30,23.110000610351562
2008-05-01,23.700000762939453
2008-05-02,23.56999969482422
2008-05-05,23.610000610351562
2008-05-06,23.760000228881836
2008-05-07,23.639999389648438
2008-05-08,23.760000228881836
2008-05-09,23.559999465942383
2008-05-12,23.8700008392334
2008-05-13,24.440000534057617
2008-05-14,24.959999084472656
2008-05-15,24.940000534057617
2008-05-16,24.979999542236328
2008-05-19,25.079999923706055
2008-05-20,24.709999084472656
2008-05-21,24.690000534057617
2008-05-22,25.860000610351562
2008-05-23,25.260000228881836
2008-05-27,25.549999237060547
2008-05-28,25.860000610351562
2008-05-29,26.100000381469727
2008-05-30,26.350000381469727
2008-06-02,26.010000228881836
2008-06-03,25.899999618530273
2008-06-04,26.0
2008-06-05,26.260000228881836
2008-06-06,25.399999618530273
2008-06-09,25.1299991607666
2008-06-10,24.979999542236328
2008-06-11,24.81999969482422
2008-06-12,24.90999984741211
2008-06-13,24.989999771118164
2008-06-16,25.1200008392334
2008-06-17,25.059999465942383
2008-06-18,24.969999313354492
2008-06-19,24.760000228881836
2008-06-20,24.549999237060547
2008-06-23,24.450000762939453
2008-06-24,24.1299991607666
2008-06-25,24.850000381469727
2008-06-26,24.149999618530273
2008-06-27,23.860000610351562
2008-06-30,23.899999618530273
2008-07-01,23.829999923706055
2008-07-02,23.75
2008-07-03,23.479999542236328
2008-07-07,23.68000030517578
2008-07-08,24.139999389648438
2008-07-09,24.0
2008-07-10,24.18000030517578
2008-07-11,24.25
2008-07-14,23.889999389648438
2008-07-15,23.93000030517578
2008-07-16,24.219999313354492
2008-07-17,24.540000915527344
2008-07-18,24.510000228881836
2008-07-21,24.239999771118164
2008-07-22,24.079999923706055
2008-07-23,24.440000534057617
2008-07-24,23.790000915527344
2008-07-25,24.010000228881836
2008-07-28,23.809999465942383
2008-07-29,24.010000228881836
2008-07-30,24.309999465942383
2008-07-31,24.020000457763672
2008-08-01,23.6299991607666
2008-08-04,23.829999923706055
2008-08-05,24.450000762939453
2008-08-06,24.889999389648438
2008-08-07,24.399999618530273
2008-08-08,24.5
2008-08-11,24.440000534057617
2008-08-12,24.75
2008-08-13,24.649999618530273
2008-08-14,24.549999237060547
2008-08-15,24.09000015258789
2008-08-18,23.8799991607666
2008-08-19,23.299999237060547
2008-08-20,24.139999389648438
2008-08-21,21.31999969482422
2008-08-22,21.829999923706055
2008-08-25,21.18000030517578
2008-08-26,21.25
2008-08-27,21.559999465942383
2008-08-28,21.709999084472656
2008-08-29,21.530000686645508
2008-09-02,21.190000534057617
2008-09-03,21.200000762939453
2008-09-04,20.549999237060547
2008-09-05,20.670000076293945
2008-09-08,20.790000915527344
2008-09-09,20.239999771118164
2008-09-10,20.809999465942383
2008-09-11,20.729999542236328
2008-09-12,20.6200008392334
2008-09-15,20.059999465942383
2008-09-16,20.270000457763672
2008-09-17,19.649999618530273
2008-09-18,20.100000381469727
2008-09-19,21.200000762939453
2008-09-22,20.25
2008-09-23,20.25
2008-09-24,20.280000686645508
2008-09-25,20.760000228881836
2008-09-26,20.8700008392334
2008-09-29,19.610000610351562
2008-09-30,19.950000762939453
2008-10-01,19.8700008392334
2008-10-02,19.100000381469727
2008-10-03,18.420000076293945
2008-10-06,17.899999618530273
2008-10-07,17.260000228881836
2008-10-08,17.020000457763672
2008-10-09,16.700000762939453
2008-10-10,16.600000381469727
2008-10-13,18.5
2008-10-14,18.270000457763672
2008-10-15,17.34000015258789
2008-10-16,17.610000610351562
2008-10-17,18.260000228881836
2008-10-20,18.670000076293945
2008-10-21,17.65999984741211
2008-10-22,17.040000915527344
2008-10-23,16.209999084472656
2008-10-24,16.170000076293945
2008-10-27,16.799999237060547
2008-10-28,17.420000076293945
2008-10-29,17.5
2008-10-30,17.81999969482422
2008-10-31,18.280000686645508
2008-11-03,18.479999542236328
2008-11-04,18.479999542236328
2008-11-05,17.6299991607666
2008-11-06,17.5
2008-11-07,17.8799991607666
2008-11-10,17.81999969482422
2008-11-11,17.170000076293945
2008-11-12,16.399999618530273
2008-11-13,16.899999618530273
2008-11-14,16.190000534057617
2008-11-17,16.1299991607666
2008-11-18,16.309999465942383
2008-11-19,15.180000305175781
2008-11-20,14.59000015258789
2008-11-21,15.180000305175781
2008-11-24,16.040000915527344
2008-11-25,15.4399995803833
2008-11-26,15.9399995803833
2008-11-28,16.030000686645508
2008-12-01,14.880000114440918
2008-12-02,15.520000457763672
2008-12-03,15.09000015258789
2008-12-04,16.829999923706055
2008-12-05,17.0
2008-12-08,17.15999984741211
2008-12-09,17.639999389648438
2008-12-10,17.639999389648438
2008-12-11,17.18000030517578
2008-12-12,17.809999465942383
2008-12-15,17.229999542236328
2008-12-16,17.780000686645508
2008-12-17,18.1200008392334
2008-12-18,17.93000030517578
2008-12-19,18.530000686645508
2008-12-22,18.1299991607666
2008-12-23,18.0
2008-12-24,17.850000381469727
2008-12-26,18.010000228881836
2008-12-29,17.780000686645508
2008-12-30,18.190000534057617
2008-12-31,18.520000457763672
2009-01-02,18.93000030517578
2009-01-05,18.84000015258789
2009-01-06,19.18000030517578
2009-01-07,19.219999313354492
2009-01-08,19.540000915527344
2009-01-09,19.31999969482422
2009-01-12,19.3700008392334
2009-01-13,19.43000030517578
2009-01-14,18.709999084472656
2009-01-15,18.520000457763672
2009-01-16,18.889999389648438
2009-01-20,18.5
2009-01-21,18.739999771118164
2009-01-22,18.440000534057617
2009-01-23,18.690000534057617
2009-01-26,18.760000228881836
2009-01-27,18.920000076293945
2009-01-28,19.389999389648438
2009-01-29,18.920000076293945
2009-01-30,18.5
2009-02-02,18.700000762939453
2009-02-03,19.079999923706055
2009-02-04,19.329999923706055
2009-02-05,19.719999313354492
2009-02-06,20.100000381469727
2009-02-09,19.950000762939453
2009-02-10,19.15999984741211
2009-02-11,19.34000015258789
2009-02-12,19.559999465942383
2009-02-13,19.489999771118164
2009-02-17,18.540000915527344
2009-02-18,18.399999618530273
2009-02-19,19.770000457763672
2009-02-20,19.479999542236328
2009-02-23,18.959999084472656
2009-02-24,19.219999313354492
2009-02-25,19.030000686645508
2009-02-26,18.43000030517578
2009-02-27,18.6299991607666
2009-03-02,17.940000534057617
2009-03-03,18.030000686645508
2009-03-04,18.110000610351562
2009-03-05,17.790000915527344
2009-03-06,17.530000686645508
2009-03-09,17.3700008392334
2009-03-10,18.280000686645508
2009-03-11,18.469999313354492
2009-03-12,19.010000228881836
2009-03-13,19.09000015258789
2009-03-16,18.530000686645508
2009-03-17,19.1200008392334
2009-03-18,19.350000381469727
2009-03-19,19.170000076293945
2009-03-20,19.440000534057617
2009-03-23,20.510000228881836
2009-03-24,20.15999984741211
2009-03-25,20.440000534057617
2009-03-26,21.209999084472656
2009-03-27,20.670000076293945
2009-03-30,20.649999618530273
2009-03-31,20.729999542236328
2009-04-01,21.049999237060547
2009-04-02,21.299999237060547
2009-04-03,21.329999923706055
2009-04-06,21.309999465942383
2009-04-07,20.90999984741211
2009-04-08,21.34000015258789
2009-04-09,21.829999923706055
2009-04-13,21.350000381469727
2009-04-14,20.969999313354492
2009-04-15,20.739999771118164
2009-04-16,21.399999618530273
2009-04-17,21.09000015258789
2009-04-20,20.530000686645508
2009-04-21,20.899999618530273
2009-04-22,20.860000610351562
2009-04-23,20.920000076293945
2009-04-24,21.219999313354492
2009-04-27,21.489999771118164
2009-04-28,21.190000534057617
2009-04-29,21.809999465942383
2009-04-30,21.780000686645508
2009-05-01,21.8799991607666
2009-05-04,21.93000030517578
2009-05-05,21.559999465942383
2009-05-06,21.600000381469727
2009-05-07,20.8799991607666
2009-05-08,20.81999969482422
2009-05-11,20.809999465942383
2009-05-12,20.719999313354492
2009-05-13,20.239999771118164
2009-05-14,20.559999465942383
2009-05-15,20.6299991607666
2009-05-18,21.260000228881836
2009-05-19,21.3700008392334
2009-05-20,21.6200008392334
2009-05-21,19.40999984741211
2009-05-22,19.280000686645508
2009-05-26,19.790000915527344
2009-05-27,19.399999618530273
2009-05-28,19.389999389648438
2009-05-29,19.479999542236328
2009-06-01,19.860000610351562
2009-06-02,19.850000381469727
2009-06-03,19.329999923706055
2009-06-04,19.3799991607666
2009-06-05,19.43000030517578
2009-06-08,19.40999984741211
2009-06-09,19.969999313354492
2009-06-10,19.829999923706055
2009-06-11,19.829999923706055
2009-06-12,19.719999313354492
2009-06-15,19.3700008392334
2009-06-16,18.950000762939453
2009-06-17,19.209999084472656
2009-06-18,19.360000610351562
2009-06-19,19.15999984741211
2009-06-22,18.75
2009-06-23,18.8799991607666
2009-06-24,18.920000076293945
2009-06-25,18.8799991607666
2009-06-26,18.780000686645508
2009-06-29,19.399999618530273
2009-06-30,19.510000228881836
2009-07-01,19.65999984741211
2009-07-02,19.040000915527344
2009-07-06,18.770000457763672
2009-07-07,18.200000762939453
2009-07-08,18.239999771118164
2009-07-09,18.520000457763672
2009-07-10,18.530000686645508
2009-07-13,18.65999984741211
2009-07-14,18.75
2009-07-15,19.459999084472656
2009-07-16,19.610000610351562
2009-07-17,19.530000686645508
2009-07-20,19.440000534057617
2009-07-21,19.59000015258789
2009-07-22,19.719999313354492
2009-07-23,19.84000015258789
2009-07-24,19.65999984741211
2009-07-27,19.6200008392334
2009-07-28,19.84000015258789
2009-07-29,19.850000381469727
2009-07-30,19.940000534057617
2009-07-31,19.979999542236328
2009-08-03,20.06999969482422
2009-08-04,20.219999313354492
2009-08-05,19.700000762939453
2009-08-06,19.649999618530273
2009-08-07,20.06999969482422
2009-08-10,19.93000030517578
2009-08-11,19.799999237060547
2009-08-12,20.260000228881836
2009-08-13,20.3799991607666
2009-08-14,20.100000381469727
2009-08-17,19.700000762939453
2009-08-18,19.969999313354492
2009-08-19,20.520000457763672
2009-08-20,20.809999465942383
2009-08-21,21.239999771118164
2009-08-24,21.15999984741211
2009-08-25,21.479999542236328
2009-08-26,21.489999771118164
2009-08-27,21.520000457763672
2009-08-28,21.479999542236328
2009-08-31,21.229999542236328
2009-09-01,20.799999237060547
2009-09-02,20.760000228881836
2009-09-03,20.940000534057617
2009-09-04,21.479999542236328
2009-09-08,21.739999771118164
2009-09-09,22.049999237060547
2009-09-10,22.31999969482422
2009-09-11,22.3799991607666
2009-09-14,22.389999389648438
2009-09-15,22.389999389648438
2009-09-16,22.639999389648438
2009-09-17,22.6299991607666
2009-09-18,22.469999313354492
2009-09-21,22.610000610351562
2009-09-22,22.81999969482422
2009-09-23,22.610000610351562
2009-09-24,22.489999771118164
2009-09-25,22.56999969482422
2009-09-28,22.790000915527344
2009-09-29,22.969999313354492
2009-09-30,22.420000076293945
2009-10-01,21.959999084472656
2009-10-02,21.899999618530273
2009-10-05,22.139999389648438
2009-10-06,22.389999389648438
2009-10-07,22.329999923706055
2009-10-08,22.6299991607666
2009-10-09,23.0
2009-10-12,23.09000015258789
2009-10-13,23.25
2009-10-14,23.450000762939453
2009-10-15,23.329999923706055
2009-10-16,23.209999084472656
2009-10-19,23.18000030517578
2009-10-20,23.1299991607666
2009-10-21,23.010000228881836
2009-10-22,23.3799991607666
2009-10-23,23.280000686645508
2009-10-26,23.049999237060547
2009-10-27,22.770000457763672
2009-10-28,22.25
2009-10-29,22.56999969482422
2009-10-30,22.020000457763672
2009-11-02,22.1200008392334
2009-11-03,22.040000915527344
2009-11-04,22.549999237060547
2009-11-05,23.139999389648438
2009-11-06,23.09000015258789
2009-11-09,23.520000457763672
2009-11-10,23.5
2009-11-11,23.520000457763672
2009-11-12,23.25
2009-11-13,23.5
2009-11-16,23.56999969482422
2009-11-17,23.440000534057617
2009-11-18,23.059999465942383
2009-11-19,22.81999969482422
2009-11-20,22.6299991607666
2009-11-23,22.940000534057617
2009-11-24,22.649999618530273
2009-11-25,22.59000015258789
2009-11-27,22.43000030517578
2009-11-30,22.469999313354492
2009-12-01,22.549999237060547
2009-12-02,22.520000457763672
2009-12-03,21.1200008392334
2009-12-04,21.020000457763672
2009-12-07,20.979999542236328
2009-12-08,20.739999771118164
2009-12-09,20.790000915527344
2009-12-10,20.729999542236328
2009-12-11,20.489999771118164
2009-12-14,20.8700008392334
2009-12-15,20.65999984741211
2009-12-16,20.65999984741211
2009-12-17,20.940000534057617
2009-12-18,21.459999084472656
2009-12-21,21.700000762939453
2009-12-22,22.030000686645508
2009-12-23,22.06999969482422
2009-12-24,22.200000762939453
2009-12-28,22.209999084472656
2009-12-29,22.260000228881836
2009-12-30,22.360000610351562
2009-12-31,22.280000686645508
2010-01-04,22.440000534057617
2010-01-05,22.25
2010-01-06,22.209999084472656
2010-01-07,22.149999618530273
2010-01-08,22.309999465942383
2010-01-11,22.1200008392334
2010-01-12,21.799999237060547
2010-01-13,22.010000228881836
2010-01-14,22.190000534057617
2010-01-15,21.969999313354492
2010-01-19,21.979999542236328
2010-01-20,21.979999542236328
2010-01-21,22.219999313354492
2010-01-22,21.889999389648438
2010-01-25,21.739999771118164
2010-01-26,21.459999084472656
2010-01-27,21.530000686645508
2010-01-28,21.139999389648438
2010-01-29,21.270000457763672
2010-02-01,21.360000610351562
2010-02-02,21.34000015258789
2010-02-03,21.399999618530273
2010-02-04,21.049999237060547
2010-02-05,21.170000076293945
2010-02-08,20.950000762939453
2010-02-09,21.059999465942383
2010-02-10,21.139999389648438
2010-02-11,21.06999969482422
2010-02-12,21.510000228881836
2010-02-16,21.209999084472656
2010-02-17,22.100000381469727
2010-02-18,21.790000915527344
2010-02-19,21.350000381469727
2010-02-22,22.040000915527344
2010-02-23,21.899999618530273
2010-02-24,22.040000915527344
2010-02-25,22.020000457763672
2010-02-26,21.899999618530273
2010-03-01,22.079999923706055
2010-03-02,22.209999084472656
2010-03-03,22.190000534057617
2010-03-04,22.270000457763672
2010-03-05,22.440000534057617
2010-03-08,22.459999084472656
2010-03-09,22.540000915527344
2010-03-10,22.75
2010-03-11,22.649999618530273
2010-03-12,22.75
2010-03-15,22.649999618530273
2010-03-16,22.6200008392334
2010-03-17,22.65999984741211
2010-03-18,22.770000457763672
2010-03-19,22.540000915527344
2010-03-22,22.799999237060547
2010-03-23,22.780000686645508
2010-03-24,22.809999465942383
2010-03-25,22.549999237060547
2010-03-26,22.5
2010-03-29,22.440000534057617
2010-03-30,22.469999313354492
2010-03-31,22.3700008392334
2010-04-01,22.549999237060547
2010-04-05,23.010000228881836
2010-04-06,22.90999984741211
2010-04-07,22.729999542236328
2010-04-08,22.700000762939453
2010-04-09,23.040000915527344
2010-04-12,23.059999465942383
2010-04-13,23.280000686645508
2010-04-14,23.3799991607666
2010-04-15,23.15999984741211
2010-04-16,23.079999923706055
2010-04-19,23.030000686645508
2010-04-20,23.219999313354492
2010-04-21,23.239999771118164
2010-04-22,23.149999618530273
2010-04-23,23.139999389648438
2010-04-26,23.18000030517578
2010-04-27,22.799999237060547
2010-04-28,22.989999771118164
2010-04-29,23.1299991607666
2010-04-30,22.65999984741211
2010-05-03,22.899999618530273
2010-05-04,22.360000610351562
2010-05-05,22.09000015258789
2010-05-06,21.75
2010-05-07,21.329999923706055
2010-05-10,21.989999771118164
2010-05-11,21.959999084472656
2010-05-12,22.450000762939453
2010-05-13,22.360000610351562
2010-05-14,21.920000076293945
2010-05-17,22.270000457763672
2010-05-18,21.959999084472656
2010-05-19,21.799999237060547
2010-05-20,21.049999237060547
2010-05-21,21.25
2010-05-24,21.010000228881836
2010-05-25,21.309999465942383
2010-05-26,21.520000457763672
2010-05-27,21.639999389648438
2010-05-28,21.420000076293945
2010-06-01,21.229999542236328
2010-06-02,21.700000762939453
2010-06-03,22.15999984741211
2010-06-04,21.59000015258789
2010-06-07,20.940000534057617
2010-06-08,20.979999542236328
2010-06-09,21.059999465942383
2010-06-10,21.260000228881836
2010-06-11,21.75
2010-06-14,21.889999389648438
2010-06-15,22.34000015258789
2010-06-16,22.34000015258789
2010-06-17,22.389999389648438
2010-06-18,22.40999984741211
2010-06-21,22.229999542236328
2010-06-22,22.06999969482422
2010-06-23,22.030000686645508
2010-06-24,21.690000534057617
2010-06-25,21.81999969482422
2010-06-28,21.959999084472656
2010-06-29,21.290000915527344
2010-06-30,20.8700008392334
2010-07-01,20.639999389648438
2010-07-02,20.510000228881836
2010-07-06,20.459999084472656
2010-07-07,21.479999542236328
2010-07-08,21.40999984741211
2010-07-09,21.450000762939453
2010-07-12,21.559999465942383
2010-07-13,21.979999542236328
2010-07-14,21.829999923706055
2010-07-15,21.760000228881836
2010-07-16,21.149999618530273
2010-07-19,21.350000381469727
2010-07-20,21.540000915527344
2010-07-21,21.170000076293945
2010-07-22,21.8700008392334
2010-07-23,21.959999084472656
2010-07-26,22.190000534057617
2010-07-27,22.139999389648438
2010-07-28,21.739999771118164
2010-07-29,21.81999969482422
2010-07-30,21.84000015258789
2010-08-02,22.389999389648438
2010-08-03,22.309999465942383
2010-08-04,22.690000534057617
2010-08-05,22.770000457763672
2010-08-06,22.84000015258789
2010-08-09,23.010000228881836
2010-08-10,22.739999771118164
2010-08-11,22.0
2010-08-12,21.600000381469727
2010-08-13,21.6299991607666
2010-08-16,21.770000457763672
2010-08-17,22.09000015258789
2010-08-18,22.280000686645508
2010-08-19,23.059999465942383
2010-08-20,23.110000610351562
2010-08-23,23.1200008392334
2010-08-24,22.899999618530273
2010-08-25,22.899999618530273
2010-08-26,22.799999237060547
2010-08-27,23.06999969482422
2010-08-30,22.93000030517578
2010-08-31,22.860000610351562
2010-09-01,23.079999923706055
2010-09-02,23.360000610351562
2010-09-03,23.690000534057617
2010-09-07,23.489999771118164
2010-09-08,23.739999771118164
2010-09-09,23.760000228881836
2010-09-10,23.579999923706055
2010-09-13,24.170000076293945
2010-09-14,24.170000076293945
2010-09-15,24.280000686645508
2010-09-16,24.31999969482422
2010-09-17,24.389999389648438
2010-09-20,24.780000686645508
2010-09-21,24.59000015258789
2010-09-22,24.520000457763672
2010-09-23,24.31999969482422
2010-09-24,24.809999465942383
2010-09-27,24.649999618530273
2010-09-28,24.860000610351562
2010-09-29,24.639999389648438
2010-09-30,24.770000457763672
2010-10-01,24.899999618530273
2010-10-04,24.559999465942383
2010-10-05,25.030000686645508
2010-10-06,24.729999542236328
2010-10-07,24.93000030517578
2010-10-08,24.950000762939453
2010-10-11,24.969999313354492
2010-10-12,25.110000610351562
2010-10-13,25.3799991607666
2010-10-14,25.219999313354492
2010-10-15,25.34000015258789
2010-10-18,25.31999969482422
2010-10-19,24.780000686645508
2010-10-20,24.969999313354492
2010-10-21,25.049999237060547
2010-10-22,25.479999542236328
2010-10-25,25.510000228881836
2010-10-26,25.5
2010-10-27,25.3700008392334
2010-10-28,25.31999969482422
2010-10-29,25.579999923706055
2010-11-01,25.450000762939453
2010-11-02,25.59000015258789
2010-11-03,25.56999969482422
2010-11-04,25.709999084472656
2010-11-05,25.84000015258789
2010-11-08,25.75
2010-11-09,25.559999465942383
2010-11-10,25.59000015258789
2010-11-11,25.329999923706055
2010-11-12,25.1299991607666
2010-11-15,25.020000457763672
2010-11-16,24.739999771118164
2010-11-17,24.700000762939453
2010-11-18,25.219999313354492
2010-11-19,25.040000915527344
2010-11-22,25.3700008392334
2010-11-23,25.079999923706055
2010-11-24,25.709999084472656
2010-11-26,25.690000534057617
2010-11-29,25.799999237060547
2010-11-30,25.690000534057617
2010-12-01,26.510000228881836
2010-12-02,25.850000381469727
2010-12-03,26.25
2010-12-06,26.360000610351562
2010-12-07,26.450000762939453
2010-12-08,26.579999923706055
2010-12-09,26.559999465942383
2010-12-10,26.75
2010-12-13,26.719999313354492
2010-12-14,26.860000610351562
2010-12-15,26.790000915527344
2010-12-16,26.979999542236328
2010-12-17,27.139999389648438
2010-12-20,27.100000381469727
2010-12-21,27.239999771118164
2010-12-22,27.25
2010-12-23,27.239999771118164
2010-12-27,27.209999084472656
2010-12-28,27.100000381469727
2010-12-29,27.06999969482422
2010-12-30,27.059999465942383
2010-12-31,26.90999984741211
2011-01-03,26.989999771118164
2011-01-04,26.84000015258789
2011-01-05,26.780000686645508
2011-01-06,26.68000030517578
2011-01-07,26.739999771118164
2011-01-10,26.790000915527344
2011-01-11,26.549999237060547
2011-01-12,26.649999618530273
2011-01-13,26.440000534057617
2011-01-14,26.809999465942383
2011-01-18,27.040000915527344
2011-01-19,26.719999313354492
2011-01-20,26.350000381469727
2011-01-21,26.229999542236328
2011-01-24,26.75
2011-01-25,26.75
2011-01-26,26.8799991607666
2011-01-27,27.479999542236328
2011-01-28,26.84000015258789
2011-01-31,27.1299991607666
2011-02-01,27.780000686645508
2011-02-02,27.989999771118164
2011-02-03,28.0
2011-02-04,28.329999923706055
2011-02-07,28.299999237060547
2011-02-08,28.31999969482422
2011-02-09,28.670000076293945
2011-02-10,28.790000915527344
2011-02-11,28.780000686645508
2011-02-14,29.030000686645508
2011-02-15,29.15999984741211
2011-02-16,29.020000457763672
2011-02-17,28.540000915527344
2011-02-18,28.6299991607666
2011-02-22,28.0
2011-02-23,27.34000015258789
2011-02-24,27.34000015258789
2011-02-25,27.729999542236328
2011-02-28,27.719999313354492
2011-03-01,27.31999969482422
2011-03-02,27.610000610351562
2011-03-03,27.829999923706055
2011-03-04,27.690000534057617
2011-03-07,27.270000457763672
2011-03-08,27.75
2011-03-09,27.709999084472656
2011-03-10,27.0
2011-03-11,27.030000686645508
2011-03-14,26.940000534057617
2011-03-15,26.600000381469727
2011-03-16,26.43000030517578
2011-03-17,26.530000686645508
2011-03-18,26.6299991607666
2011-03-21,27.200000762939453
2011-03-22,27.100000381469727
2011-03-23,27.139999389648438
2011-03-24,27.5
2011-03-25,27.6299991607666
2011-03-28,27.350000381469727
2011-03-29,27.43000030517578
2011-03-30,27.639999389648438
2011-03-31,27.649999618530273
2011-04-01,27.780000686645508
2011-04-04,27.65999984741211
2011-04-05,27.600000381469727
2011-04-06,27.600000381469727
2011-04-07,27.5
2011-04-08,27.25
2011-04-11,27.31999969482422
2011-04-12,26.920000076293945
2011-04-13,26.979999542236328
2011-04-14,26.799999237060547
2011-04-15,26.84000015258789
2011-04-18,26.489999771118164
2011-04-19,26.350000381469727
2011-04-20,26.739999771118164
2011-04-21,26.709999084472656
2011-04-25,26.59000015258789
2011-04-26,26.93000030517578
2011-04-27,27.280000686645508
2011-04-28,27.420000076293945
2011-04-29,27.389999389648438
2011-05-02,27.350000381469727
2011-05-03,27.1299991607666
2011-05-04,26.809999465942383
2011-05-05,26.809999465942383
2011-05-06,26.84000015258789
2011-05-09,27.389999389648438
2011-05-10,27.610000610351562
2011-05-11,27.329999923706055
2011-05-12,27.829999923706055
2011-05-13,27.610000610351562
2011-05-16,27.190000534057617
2011-05-17,27.219999313354492
2011-05-18,27.729999542236328
2011-05-19,26.809999465942383
2011-05-20,27.010000228881836
2011-05-23,26.719999313354492
2011-05-24,26.489999771118164
2011-05-25,26.760000228881836
2011-05-26,26.920000076293945
2011-05-27,26.969999313354492
2011-05-31,27.34000015258789
2011-06-01,27.079999923706055
2011-06-02,27.190000534057617
2011-06-03,26.459999084472656
2011-06-06,26.3700008392334
2011-06-07,26.25
2011-06-08,25.829999923706055
2011-06-09,25.760000228881836
2011-06-10,25.280000686645508
2011-06-13,25.15999984741211
2011-06-14,25.31999969482422
2011-06-15,25.06999969482422
2011-06-16,24.90999984741211
2011-06-17,24.93000030517578
2011-06-20,25.09000015258789
2011-06-21,25.489999771118164
2011-06-22,25.540000915527344
2011-06-23,25.579999923706055
2011-06-24,25.350000381469727
2011-06-27,25.420000076293945
2011-06-28,25.610000610351562
2011-06-29,25.690000534057617
2011-06-30,25.709999084472656
2011-07-01,25.93000030517578
2011-07-05,25.899999618530273
2011-07-06,25.8700008392334
2011-07-07,26.18000030517578
2011-07-08,26.030000686645508
2011-07-11,25.530000686645508
2011-07-12,25.350000381469727
2011-07-13,25.18000030517578
2011-07-14,24.6200008392334
2011-07-15,24.559999465942383
2011-07-18,24.149999618530273
2011-07-19,24.690000534057617
2011-07-20,24.34000015258789
2011-07-21,24.690000534057617
2011-07-22,24.889999389648438
2011-07-25,24.670000076293945
2011-07-26,24.760000228881836
2011-07-27,24.09000015258789
2011-07-28,23.93000030517578
2011-07-29,23.969999313354492
2011-08-01,23.6299991607666
2011-08-02,23.420000076293945
2011-08-03,23.610000610351562
2011-08-04,22.610000610351562
2011-08-05,22.540000915527344
2011-08-08,21.579999923706055
2011-08-09,22.540000915527344
2011-08-10,21.489999771118164
2011-08-11,22.18000030517578
2011-08-12,22.350000381469727
2011-08-15,22.700000762939453
2011-08-16,22.579999923706055
2011-08-17,23.440000534057617
2011-08-18,23.719999313354492
2011-08-19,23.389999389648438
2011-08-22,23.690000534057617
2011-08-23,25.530000686645508
2011-08-24,25.469999313354492
2011-08-25,24.68000030517578
2011-08-26,25.079999923706055
2011-08-29,25.81999969482422
2011-08-30,25.739999771118164
2011-08-31,25.8799991607666
2011-09-01,25.459999084472656
2011-09-02,24.639999389648438
2011-09-06,24.559999465942383
2011-09-07,25.559999465942383
2011-09-08,25.559999465942383
2011-09-09,25.049999237060547
2011-09-12,25.229999542236328
2011-09-13,25.31999969482422
2011-09-14,25.81999969482422
2011-09-15,26.110000610351562
2011-09-16,25.989999771118164
2011-09-19,25.59000015258789
2011-09-20,24.979999542236328
2011-09-21,24.610000610351562
2011-09-22,24.010000228881836
2011-09-23,24.020000457763672
2011-09-26,24.440000534057617
2011-09-27,24.90999984741211
2011-09-28,24.809999465942383
2011-09-29,24.760000228881836
2011-09-30,24.360000610351562
2011-10-03,23.469999313354492
2011-10-04,24.440000534057617
2011-10-05,24.579999923706055
2011-10-06,25.299999237060547
2011-10-07,25.18000030517578
2011-10-10,25.6299991607666
2011-10-11,25.780000686645508
2011-10-12,25.729999542236328
2011-10-13,26.079999923706055
2011-10-14,26.459999084472656
2011-10-17,25.979999542236328
2011-10-18,26.399999618530273
2011-10-19,26.15999984741211
2011-10-20,26.209999084472656
2011-10-21,26.719999313354492
2011-10-24,26.93000030517578
2011-10-25,26.559999465942383
2011-10-26,26.549999237060547
2011-10-27,27.18000030517578
2011-10-28,27.190000534057617
2011-10-31,26.809999465942383
2011-11-01,26.100000381469727
2011-11-02,26.610000610351562
2011-11-03,27.309999465942383
2011-11-04,27.110000610351562
2011-11-07,27.15999984741211
2011-11-08,27.420000076293945
2011-11-09,26.979999542236328
2011-11-10,26.989999771118164
2011-11-11,27.43000030517578
2011-11-14,27.309999465942383
2011-11-15,27.530000686645508
2011-11-16,27.34000015258789
2011-11-17,27.030000686645508
2011-11-18,27.219999313354492
2011-11-21,26.700000762939453
2011-11-22,26.700000762939453
2011-11-23,26.309999465942383
2011-11-25,26.68000030517578
2011-11-28,27.209999084472656
2011-11-29,27.040000915527344
2011-11-30,27.969999313354492
2011-12-01,27.5
2011-12-02,27.440000534057617
2011-12-05,27.6200008392334
2011-12-06,27.489999771118164
2011-12-07,27.739999771118164
2011-12-08,27.649999618530273
2011-12-09,28.020000457763672
2011-12-12,27.3799991607666
2011-12-13,26.969999313354492
2011-12-14,26.68000030517578
2011-12-15,26.729999542236328
2011-12-16,26.8799991607666
2011-12-19,26.489999771118164
2011-12-20,27.389999389648438
2011-12-21,26.75
2011-12-22,27.209999084472656
2011-12-23,27.31999969482422
2011-12-27,27.360000610351562
2011-12-28,26.959999084472656
2011-12-29,27.049999237060547
2011-12-30,27.200000762939453
2012-01-03,26.989999771118164
2012-01-04,26.489999771118164
2012-01-05,26.850000381469727
2012-01-06,26.8700008392334
2012-01-09,27.040000915527344
2012-01-10,27.469999313354492
2012-01-11,27.690000534057617
2012-01-12,27.809999465942383
2012-01-13,27.809999465942383
2012-01-17,28.020000457763672
2012-01-18,28.489999771118164
2012-01-19,28.81999969482422
2012-01-20,29.200000762939453
2012-01-23,29.200000762939453
2012-01-24,29.139999389648438
2012-01-25,29.190000534057617
2012-01-26,29.18000030517578
2012-01-27,29.229999542236328
2012-01-30,29.06999969482422
2012-01-31,29.170000076293945
2012-02-01,29.489999771118164
2012-02-02,29.579999923706055
2012-02-03,29.6299991607666
2012-02-06,29.739999771118164
2012-02-07,29.760000228881836
2012-02-08,30.030000686645508
2012-02-09,30.25
2012-02-10,30.059999465942383
2012-02-13,30.1299991607666
2012-02-14,30.3700008392334
2012-02-15,30.209999084472656
2012-02-16,30.440000534057617
2012-02-17,30.350000381469727
2012-02-21,30.389999389648438
2012-02-22,30.6299991607666
2012-02-23,30.510000228881836
2012-02-24,30.690000534057617
2012-02-27,30.6200008392334
2012-02-28,30.81999969482422
2012-02-29,30.469999313354492
2012-03-01,30.270000457763672
2012-03-02,29.93000030517578
2012-03-05,29.559999465942383
2012-03-06,29.280000686645508
2012-03-07,29.559999465942383
2012-03-08,29.8700008392334
2012-03-09,30.110000610351562
2012-03-12,30.18000030517578
2012-03-13,30.739999771118164
2012-03-14,30.43000030517578
2012-03-15,30.770000457763672
2012-03-16,30.350000381469727
2012-03-19,30.399999618530273
2012-03-20,30.190000534057617
2012-03-21,30.200000762939453
2012-03-22,29.969999313354492
2012-03-23,30.200000762939453
2012-03-26,30.559999465942383
2012-03-27,30.56999969482422
2012-03-28,30.770000457763672
2012-03-29,31.020000457763672
2012-03-30,30.65999984741211
2012-04-02,30.93000030517578
2012-04-03,31.040000915527344
2012-04-04,30.469999313354492
2012-04-05,30.209999084472656
2012-04-09,30.170000076293945
2012-04-10,29.690000534057617
2012-04-11,29.850000381469727
2012-04-12,30.190000534057617
2012-04-13,29.850000381469727
2012-04-16,29.899999618530273
2012-04-17,30.040000915527344
2012-04-18,29.690000534057617
2012-04-19,29.59000015258789
2012-04-20,29.610000610351562
2012-04-23,29.200000762939453
2012-04-24,29.059999465942383
2012-04-25,29.469999313354492
2012-04-26,30.25
2012-04-27,30.31999969482422
2012-04-30,30.010000228881836
2012-05-01,30.489999771118164
2012-05-02,30.350000381469727
2012-05-03,30.1200008392334
2012-05-04,29.670000076293945
2012-05-07,29.479999542236328
2012-05-08,29.309999465942383
2012-05-09,29.1200008392334
2012-05-10,28.8799991607666
2012-05-11,29.09000015258789
2012-05-14,29.190000534057617
2012-05-15,29.110000610351562
2012-05-16,28.649999618530273
2012-05-17,28.1200008392334
2012-05-18,27.489999771118164
2012-05-21,28.040000915527344
2012-05-22,28.040000915527344
2012-05-23,28.200000762939453
2012-05-24,29.850000381469727
2012-05-25,29.889999389648438
2012-05-29,30.170000076293945
2012-05-30,29.549999237060547
2012-05-31,29.549999237060547
2012-06-01,28.649999618530273
2012-06-04,28.3799991607666
2012-06-05,28.799999237060547
2012-06-06,29.399999618530273
2012-06-07,29.06999969482422
2012-06-08,29.459999084472656
2012-06-11,28.889999389648438
2012-06-12,29.0
2012-06-13,28.799999237060547
2012-06-14,28.84000015258789
2012-06-15,29.020000457763672
2012-06-18,29.1200008392334
2012-06-19,29.1299991607666
2012-06-20,29.280000686645508
2012-06-21,28.399999618530273
2012-06-22,28.510000228881836
2012-06-25,28.040000915527344
2012-06-26,28.059999465942383
2012-06-27,28.030000686645508
2012-06-28,28.329999923706055
2012-06-29,29.43000030517578
2012-07-02,29.469999313354492
2012-07-03,30.010000228881836
2012-07-05,30.110000610351562
2012-07-06,29.6200008392334
2012-07-09,29.479999542236328
2012-07-10,29.56999969482422
2012-07-11,29.56999969482422
2012-07-12,29.649999618530273
2012-07-13,30.190000534057617
2012-07-16,30.209999084472656
2012-07-17,30.420000076293945
2012-07-18,30.889999389648438
2012-07-19,30.829999923706055
2012-07-20,30.709999084472656
2012-07-23,30.040000915527344
2012-07-24,29.579999923706055
2012-07-25,29.860000610351562
2012-07-26,30.770000457763672
2012-07-27,31.06999969482422
2012-07-30,30.709999084472656
2012-07-31,30.290000915527344
2012-08-01,30.100000381469727
2012-08-02,30.110000610351562
2012-08-03,30.549999237060547
2012-08-06,30.649999618530273
2012-08-07,30.84000015258789
2012-08-08,30.799999237060547
2012-08-09,30.799999237060547
2012-08-10,30.75
2012-08-13,30.579999923706055
2012-08-14,30.290000915527344
2012-08-15,30.90999984741211
2012-08-16,31.200000762939453
2012-08-17,31.280000686645508
2012-08-20,31.34000015258789
2012-08-21,31.700000762939453
2012-08-22,31.649999618530273
2012-08-23,33.2599983215332
2012-08-24,33.279998779296875
2012-08-27,33.31999969482422
2012-08-28,33.439998626708984
2012-08-29,33.2400016784668
2012-08-30,32.869998931884766
2012-08-31,33.029998779296875
2012-09-04,33.689998626708984
2012-09-05,33.689998626708984
2012-09-06,34.099998474121094
2012-09-07,33.72999954223633
2012-09-10,33.65999984741211
2012-09-11,33.65999984741211
2012-09-12,34.060001373291016
2012-09-13,33.95000076293945
2012-09-14,33.61000061035156
2012-09-17,33.869998931884766
2012-09-18,33.88999938964844
2012-09-19,33.95000076293945
2012-09-20,33.900001525878906
2012-09-21,33.72999954223633
2012-09-24,33.5
2012-09-25,32.88999938964844
2012-09-26,32.77000045776367
2012-09-27,33.13999938964844
2012-09-28,32.9900016784668
2012-10-01,32.369998931884766
2012-10-02,32.560001373291016
2012-10-03,32.720001220703125
2012-10-04,32.86000061035156
2012-10-05,32.869998931884766
2012-10-08,32.68000030517578
2012-10-09,32.08000183105469
2012-10-10,32.11000061035156
2012-10-11,32.25
2012-10-12,32.099998474121094
2012-10-15,32.18000030517578
2012-10-16,32.79999923706055
2012-10-17,32.790000915527344
2012-10-18,32.560001373291016
2012-10-19,32.0
2012-10-22,32.0
2012-10-23,32.189998626708984
2012-10-24,32.34000015258789
2012-10-25,32.279998779296875
2012-10-26,32.310001373291016
2012-10-31,32.20000076293945
2012-11-01,33.31999969482422
2012-11-02,32.54999923706055
2012-11-05,32.279998779296875
2012-11-06,32.41999816894531
2012-11-07,31.649999618530273
2012-11-08,31.350000381469727
2012-11-09,31.959999084472656
2012-11-12,31.850000381469727
2012-11-13,31.969999313354492
2012-11-14,31.450000762939453
2012-11-15,31.719999313354492
2012-11-16,31.270000457763672
2012-11-19,31.979999542236328
2012-11-20,32.0099983215332
2012-11-21,32.43000030517578
2012-11-23,32.7599983215332
2012-11-26,32.84000015258789
2012-11-27,32.709999084472656
2012-11-28,32.91999816894531
2012-11-29,32.650001525878906
2012-11-30,32.86000061035156
2012-12-03,33.13999938964844
2012-12-04,33.22999954223633
2012-12-05,33.33000183105469
2012-12-06,32.91999816894531
2012-12-07,32.91999816894531
2012-12-10,32.93000030517578
2012-12-11,32.90999984741211
2012-12-12,32.380001068115234
2012-12-13,31.829999923706055
2012-12-14,31.860000610351562
2012-12-17,32.220001220703125
2012-12-18,32.380001068115234
2012-12-19,32.0
2012-12-20,32.0
2012-12-21,31.739999771118164
2012-12-24,31.809999465942383
2012-12-26,31.549999237060547
2012-12-27,31.75
2012-12-28,31.6299991607666
2012-12-31,31.84000015258789
2013-01-02,32.279998779296875
2013-01-03,31.899999618530273
2013-01-04,31.649999618530273
2013-01-07,31.420000076293945
2013-01-08,31.459999084472656
2013-01-09,31.43000030517578
2013-01-10,31.469999313354492
2013-01-11,31.809999465942383
2013-01-14,32.5099983215332
2013-01-15,32.54999923706055
2013-01-16,32.43000030517578
2013-01-17,32.7400016784668
2013-01-18,32.2400016784668
2013-01-22,32.119998931884766
2013-01-23,32.290000915527344
2013-01-24,32.86000061035156
2013-01-25,33.61000061035156
2013-01-28,33.75
2013-01-29,33.47999954223633
2013-01-30,33.34000015258789
2013-01-31,33.439998626708984
2013-02-01,33.91999816894531
2013-02-04,33.83000183105469
2013-02-05,33.900001525878906
2013-02-06,34.29999923706055
2013-02-07,34.36000061035156
2013-02-08,34.400001525878906
2013-02-11,34.150001525878906
2013-02-12,34.439998626708984
2013-02-13,34.2400016784668
2013-02-14,34.33000183105469
2013-02-15,34.540000915527344
2013-02-19,34.619998931884766
2013-02-20,34.790000915527344
2013-02-21,35.7599983215332
2013-02-22,35.13999938964844
2013-02-25,35.09000015258789
2013-02-26,34.869998931884766
2013-02-27,35.279998779296875
2013-02-28,35.029998779296875
2013-03-01,34.720001220703125
2013-03-04,34.83000183105469
2013-03-05,35.0099983215332
2013-03-06,34.84000015258789
2013-03-07,35.18000030517578
2013-03-08,35.349998474121094
2013-03-11,35.54999923706055
2013-03-12,35.290000915527344
2013-03-13,35.369998931884766
2013-03-14,35.72999954223633
2013-03-15,35.2599983215332
2013-03-18,34.88999938964844
2013-03-19,34.959999084472656
2013-03-20,35.09000015258789
2013-03-21,34.849998474121094
2013-03-22,34.83000183105469
2013-03-25,35.16999816894531
2013-03-26,35.470001220703125
2013-03-27,35.45000076293945
2013-03-28,35.880001068115234
2013-04-01,35.45000076293945
2013-04-02,35.619998931884766
2013-04-03,35.400001525878906
2013-04-04,35.130001068115234
2013-04-05,34.81999969482422
2013-04-08,34.63999938964844
2013-04-09,34.709999084472656
2013-04-10,35.34000015258789
2013-04-11,35.13999938964844
2013-04-12,34.790000915527344
2013-04-15,34.43000030517578
2013-04-16,34.61000061035156
2013-04-17,34.150001525878906
2013-04-18,33.72999954223633
2013-04-19,33.720001220703125
2013-04-22,33.900001525878906
2013-04-23,34.38999938964844
2013-04-24,34.529998779296875
2013-04-25,35.099998474121094
2013-04-26,35.09000015258789
2013-04-29,35.11000061035156
2013-04-30,35.56999969482422
2013-05-01,34.970001220703125
2013-05-02,35.13999938964844
2013-05-03,35.349998474121094
2013-05-06,35.31999969482422
2013-05-07,35.599998474121094
2013-05-08,35.900001525878906
2013-05-09,35.810001373291016
2013-05-10,35.70000076293945
2013-05-13,35.20000076293945
2013-05-14,35.38999938964844
2013-05-15,35.459999084472656
2013-05-16,35.45000076293945
2013-05-17,35.849998474121094
2013-05-20,35.810001373291016
2013-05-21,35.77000045776367
2013-05-22,35.400001525878906
2013-05-23,35.970001220703125
2013-05-24,35.709999084472656
2013-05-28,36.209999084472656
2013-05-29,35.97999954223633
2013-05-30,36.630001068115234
2013-05-31,36.439998626708984
2013-06-03,36.709999084472656
2013-06-04,36.560001373291016
2013-06-05,36.130001068115234
2013-06-06,36.54999923706055
2013-06-07,36.97999954223633
2013-06-10,36.90999984741211
2013-06-11,36.459999084472656
2013-06-12,36.20000076293945
2013-06-13,36.630001068115234
2013-06-14,36.29999923706055
2013-06-17,36.58000183105469
2013-06-18,36.61000061035156
2013-06-19,36.43000030517578
2013-06-20,35.65999984741211
2013-06-21,35.209999084472656
2013-06-24,35.150001525878906
2013-06-25,35.119998931884766
2013-06-26,35.349998474121094
2013-06-27,35.68000030517578
2013-06-28,35.75
2013-07-01,35.9900016784668
2013-07-02,35.400001525878906
2013-07-03,35.54999923706055
2013-07-05,36.11000061035156
2013-07-08,35.880001068115234
2013-07-09,36.2400016784668
2013-07-10,36.84000015258789
2013-07-11,37.20000076293945
2013-07-12,37.59000015258789
2013-07-15,37.599998474121094
2013-07-16,37.41999816894531
2013-07-17,37.54999923706055
2013-07-18,37.630001068115234
2013-07-19,37.470001220703125
2013-07-22,37.47999954223633
2013-07-23,37.34000015258789
2013-07-24,37.2400016784668
2013-07-25,36.790000915527344
2013-07-26,36.31999969482422
2013-07-29,36.41999816894531
2013-07-30,36.790000915527344
2013-07-31,37.040000915527344
2013-08-01,38.029998779296875
2013-08-02,37.709999084472656
2013-08-05,37.68000030517578
2013-08-06,37.290000915527344
2013-08-07,37.27000045776367
2013-08-08,37.22999954223633
2013-08-09,37.27000045776367
2013-08-12,37.27000045776367
2013-08-13,37.810001373291016
2013-08-14,37.709999084472656
2013-08-15,36.91999816894531
2013-08-16,36.959999084472656
2013-08-19,36.720001220703125
2013-08-20,37.0099983215332
2013-08-21,36.560001373291016
2013-08-22,36.81999969482422
2013-08-23,36.939998626708984
2013-08-26,37.220001220703125
2013-08-27,36.439998626708984
2013-08-28,36.560001373291016
2013-08-29,36.58000183105469
2013-08-30,36.2599983215332
2013-09-03,35.52000045776367
2013-09-04,36.04999923706055
2013-09-05,36.34000015258789
2013-09-06,36.43000030517578
2013-09-09,36.869998931884766
2013-09-10,37.2400016784668
2013-09-11,37.459999084472656
2013-09-12,37.16999816894531
2013-09-13,37.40999984741211
2013-09-16,37.25
2013-09-17,37.63999938964844
2013-09-18,37.959999084472656
2013-09-19,38.06999969482422
2013-09-20,37.939998626708984
2013-09-23,37.5
2013-09-24,37.41999816894531
2013-09-25,37.5
2013-09-26,37.869998931884766
2013-09-27,37.61000061035156
2013-09-30,37.70000076293945
2013-10-01,37.84000015258789
2013-10-02,37.63999938964844
2013-10-03,37.310001373291016
2013-10-04,37.59000015258789
2013-10-07,37.0
2013-10-08,36.45000076293945
2013-10-09,36.36000061035156
2013-10-10,37.18000030517578
2013-10-11,37.68000030517578
2013-10-14,37.959999084472656
2013-10-15,37.40999984741211
2013-10-16,37.83000183105469
2013-10-17,37.97999954223633
2013-10-18,38.189998626708984
2013-10-21,38.11000061035156
2013-10-22,38.400001525878906
2013-10-23,37.97999954223633
2013-10-24,35.849998474121094
2013-10-25,36.25
2013-10-28,36.459999084472656
2013-10-29,36.380001068115234
2013-10-30,36.349998474121094
2013-10-31,36.41999816894531
2013-11-01,36.150001525878906
2013-11-04,36.189998626708984
2013-11-05,35.86000061035156
2013-11-06,36.41999816894531
2013-11-07,36.11000061035156
2013-11-08,36.310001373291016
2013-11-11,36.439998626708984
2013-11-12,36.2400016784668
2013-11-13,36.529998779296875
2013-11-14,36.470001220703125
2013-11-15,36.5099983215332
2013-11-18,36.349998474121094
2013-11-19,35.720001220703125
2013-11-20,35.900001525878906
2013-11-21,36.2400016784668
2013-11-22,36.59000015258789
2013-11-25,36.75
2013-11-26,36.59000015258789
2013-11-27,36.7599983215332
2013-11-29,36.630001068115234
2013-12-02,36.439998626708984
2013-12-03,36.66999816894531
2013-12-04,36.5
2013-12-05,37.40999984741211
2013-12-06,37.939998626708984
2013-12-09,37.75
2013-12-10,38.11000061035156
2013-12-11,37.959999084472656
2013-12-12,38.06999969482422
2013-12-13,38.13999938964844
2013-12-16,38.459999084472656
2013-12-17,38.810001373291016
2013-12-18,39.41999816894531
2013-12-19,39.13999938964844
2013-12-20,39.630001068115234
2013-12-23,40.0
2013-12-24,40.060001373291016
2013-12-26,39.97999954223633
2013-12-27,40.16999816894531
2013-12-30,40.599998474121094
2013-12-31,40.56999969482422
2014-01-02,40.41999816894531
2014-01-03,40.619998931884766
2014-01-06,40.25
2014-01-07,40.34000015258789
2014-01-08,40.779998779296875
2014-01-09,40.939998626708984
2014-01-10,41.130001068115234
2014-01-13,40.63999938964844
2014-01-14,41.040000915527344
2014-01-15,41.18000030517578
2014-01-16,40.95000076293945
2014-01-17,41.09000015258789
2014-01-21,41.56999969482422
2014-01-22,41.29999923706055
2014-01-23,40.959999084472656
2014-01-24,40.11000061035156
2014-01-27,39.5
2014-01-28,39.869998931884766
2014-01-29,39.9900016784668
2014-01-30,40.52000045776367
2014-01-31,39.86000061035156
2014-02-03,38.400001525878906
2014-02-04,39.11000061035156
2014-02-05,38.97999954223633
2014-02-06,39.099998474121094
2014-02-07,39.77000045776367
2014-02-10,39.95000076293945
2014-02-11,40.59000015258789
2014-02-12,40.61000061035156
2014-02-13,41.099998474121094
2014-02-14,40.97999954223633
2014-02-18,40.84000015258789
2014-02-19,40.7599983215332
2014-02-20,39.849998474121094
2014-02-21,40.400001525878906
2014-02-24,40.27000045776367
2014-02-25,39.970001220703125
2014-02-26,39.95000076293945
2014-02-27,40.0
2014-02-28,40.400001525878906
2014-03-03,39.84000015258789
2014-03-04,40.58000183105469
2014-03-05,40.470001220703125
2014-03-06,40.47999954223633
2014-03-07,40.400001525878906
2014-03-10,40.459999084472656
2014-03-11,39.9900016784668
2014-03-12,39.900001525878906
2014-03-13,39.599998474121094
2014-03-14,39.4900016784668
2014-03-17,39.75
2014-03-18,40.369998931884766
2014-03-19,40.41999816894531
2014-03-20,40.56999969482422
2014-03-21,40.11000061035156
2014-03-24,39.380001068115234
2014-03-25,38.9900016784668
2014-03-26,37.95000076293945
2014-03-27,38.349998474121094
2014-03-28,38.18000030517578
2014-03-31,38.40999984741211
2014-04-01,38.599998474121094
2014-04-02,38.70000076293945
2014-04-03,38.63999938964844
2014-04-04,37.95000076293945
2014-04-07,37.540000915527344
2014-04-08,37.560001373291016
2014-04-09,37.939998626708984
2014-04-10,36.9900016784668
2014-04-11,36.380001068115234
2014-04-14,36.56999969482422
2014-04-15,36.630001068115234
2014-04-16,37.08000183105469
2014-04-17,37.52000045776367
2014-04-21,37.58000183105469
2014-04-22,38.040000915527344
2014-04-23,37.880001068115234
2014-04-24,37.869998931884766
2014-04-25,37.310001373291016
2014-04-28,36.7599983215332
2014-04-29,36.9900016784668
2014-04-30,37.619998931884766
2014-05-01,37.59000015258789
2014-05-02,37.58000183105469
2014-05-05,37.45000076293945
2014-05-06,36.84000015258789
2014-05-07,37.310001373291016
2014-05-08,37.25
2014-05-09,37.599998474121094
2014-05-12,38.279998779296875
2014-05-13,38.13999938964844
2014-05-14,38.040000915527344
2014-05-15,37.880001068115234
2014-05-16,37.77000045776367
2014-05-19,38.119998931884766
2014-05-20,38.20000076293945
2014-05-21,38.4900016784668
2014-05-22,38.90999984741211
2014-05-23,39.09000015258789
2014-05-27,39.2599983215332
2014-05-28,39.04999923706055
2014-05-29,38.75
2014-05-30,38.4900016784668
2014-06-02,38.540000915527344
2014-06-03,38.36000061035156
2014-06-04,38.040000915527344
2014-06-05,38.029998779296875
2014-06-06,39.11000061035156
2014-06-09,39.060001373291016
2014-06-10,39.220001220703125
2014-06-11,39.18000030517578
2014-06-12,38.849998474121094
2014-06-13,39.040000915527344
2014-06-16,38.900001525878906
2014-06-17,39.16999816894531
2014-06-18,38.880001068115234
2014-06-19,38.689998626708984
2014-06-20,38.65999984741211
2014-06-23,38.970001220703125
2014-06-24,38.790000915527344
2014-06-25,38.88999938964844
2014-06-26,38.79999923706055
2014-06-27,38.970001220703125
2014-06-30,38.81999969482422
2014-07-01,39.119998931884766
2014-07-02,38.869998931884766
2014-07-03,38.939998626708984
2014-07-07,39.029998779296875
2014-07-08,38.90999984741211
2014-07-09,38.72999954223633
2014-07-10,38.779998779296875
2014-07-11,38.65999984741211
2014-07-14,39.15999984741211
2014-07-15,39.369998931884766
2014-07-16,39.209999084472656
2014-07-17,39.06999969482422
2014-07-18,39.2599983215332
2014-07-21,38.939998626708984
2014-07-22,39.09000015258789
2014-07-23,38.86000061035156
2014-07-24,39.029998779296875
2014-07-25,38.9900016784668
2014-07-28,38.970001220703125
2014-07-29,38.65999984741211
2014-07-30,38.779998779296875
2014-07-31,37.77000045776367
2014-08-01,37.810001373291016
2014-08-04,37.95000076293945
2014-08-05,37.93000030517578
2014-08-06,38.029998779296875
2014-08-07,37.900001525878906
2014-08-08,38.189998626708984
2014-08-11,38.459999084472656
2014-08-12,38.47999954223633
2014-08-13,38.75
2014-08-14,38.86000061035156
2014-08-15,38.779998779296875
2014-08-18,39.02000045776367
2014-08-19,39.099998474121094
2014-08-20,39.29999923706055
2014-08-21,41.75
2014-08-22,40.689998626708984
2014-08-25,40.63999938964844
2014-08-26,40.900001525878906
2014-08-27,40.88999938964844
2014-08-28,40.75
2014-08-29,40.900001525878906
2014-09-02,40.790000915527344
2014-09-03,41.36000061035156
2014-09-04,41.349998474121094
2014-09-05,41.45000076293945
2014-09-08,41.29999923706055
2014-09-09,41.029998779296875
2014-09-10,41.5
2014-09-11,41.47999954223633
2014-09-12,41.150001525878906
2014-09-15,40.810001373291016
2014-09-16,40.84000015258789
2014-09-17,40.599998474121094
2014-09-18,41.040000915527344
2014-09-19,40.86000061035156
2014-09-22,40.439998626708984
2014-09-23,39.880001068115234
2014-09-24,40.41999816894531
2014-09-25,39.97999954223633
2014-09-26,40.029998779296875
2014-09-29,39.939998626708984
2014-09-30,39.70000076293945
2014-10-01,39.52000045776367
2014-10-02,39.45000076293945
2014-10-03,39.630001068115234
2014-10-06,39.72999954223633
2014-10-07,39.2400016784668
2014-10-08,40.119998931884766
2014-10-09,39.130001068115234
2014-10-10,37.279998779296875
2014-10-13,37.439998626708984
2014-10-14,37.310001373291016
2014-10-15,37.5099983215332
2014-10-16,37.31999969482422
2014-10-17,37.83000183105469
2014-10-20,38.099998474121094
2014-10-21,38.90999984741211
2014-10-22,38.68000030517578
2014-10-23,39.5099983215332
2014-10-24,39.93000030517578
2014-10-27,39.849998474121094
2014-10-28,40.470001220703125
2014-10-29,40.599998474121094
2014-10-30,40.77000045776367
2014-10-31,40.97999954223633
2014-11-03,41.15999984741211
2014-11-04,41.279998779296875
2014-11-05,41.25
2014-11-06,41.59000015258789
2014-11-07,41.869998931884766
2014-11-10,42.0
2014-11-11,42.0099983215332
2014-11-12,42.13999938964844
2014-11-13,42.0
2014-11-14,42.04999923706055
2014-11-17,41.79999923706055
2014-11-18,42.08000183105469
2014-11-19,41.91999816894531
2014-11-20,42.130001068115234
2014-11-21,42.4900016784668
2014-11-24,42.84000015258789
2014-11-25,43.189998626708984
2014-11-26,43.189998626708984
2014-11-28,43.38999938964844
2014-12-01,42.97999954223633
2014-12-02,43.130001068115234
2014-12-03,43.0
2014-12-04,44.650001525878906
2014-12-05,44.59000015258789
2014-12-08,43.7400016784668
2014-12-09,43.77000045776367
2014-12-10,43.189998626708984
2014-12-11,43.54999923706055
2014-12-12,42.43000030517578
2014-12-15,42.310001373291016
2014-12-16,42.08000183105469
2014-12-17,42.970001220703125
2014-12-18,44.119998931884766
2014-12-19,43.95000076293945
2014-12-22,44.02000045776367
2014-12-23,43.97999954223633
2014-12-24,43.9900016784668
2014-12-26,43.959999084472656
2014-12-29,44.08000183105469
2014-12-30,43.83000183105469
2014-12-31,43.470001220703125
2015-01-02,43.099998474121094
2015-01-05,42.540000915527344
2015-01-06,42.15999984741211
2015-01-07,42.209999084472656
2015-01-08,42.86000061035156
2015-01-09,42.93000030517578
2015-01-12,42.5
2015-01-13,42.400001525878906
2015-01-14,42.22999954223633
2015-01-15,41.72999954223633
2015-01-16,42.40999984741211
2015-01-20,42.16999816894531
2015-01-21,42.43000030517578
2015-01-22,43.16999816894531
2015-01-23,43.52000045776367
2015-01-26,44.02000045776367
2015-01-27,43.689998626708984
2015-01-28,43.36000061035156
2015-01-29,43.7400016784668
2015-01-30,42.9900016784668
2015-02-02,43.189998626708984
2015-02-03,44.220001220703125
2015-02-04,44.16999816894531
2015-02-05,44.11000061035156
2015-02-06,43.869998931884766
2015-02-09,43.70000076293945
2015-02-10,44.130001068115234
2015-02-11,44.400001525878906
2015-02-12,44.869998931884766
2015-02-13,44.900001525878906
2015-02-17,44.7400016784668
2015-02-18,45.15999984741211
2015-02-19,46.529998779296875
2015-02-20,46.95000076293945
2015-02-23,46.81999969482422
2015-02-24,47.060001373291016
2015-02-25,47.189998626708984
2015-02-26,46.720001220703125
2015-02-27,46.40999984741211
2015-03-02,46.91999816894531
2015-03-03,46.4900016784668
2015-03-04,46.25
2015-03-05,46.310001373291016
2015-03-06,45.939998626708984
2015-03-09,45.959999084472656
2015-03-10,45.09000015258789
2015-03-11,45.34000015258789
2015-03-12,45.630001068115234
2015-03-13,45.709999084472656
2015-03-16,46.369998931884766
2015-03-17,46.060001373291016
2015-03-18,46.52000045776367
2015-03-19,46.77000045776367
2015-03-20,47.130001068115234
2015-03-23,46.720001220703125
2015-03-24,46.439998626708984
2015-03-25,45.689998626708984
2015-03-26,45.61000061035156
2015-03-27,45.790000915527344
2015-03-30,46.41999816894531
2015-03-31,46.31999969482422
2015-04-01,46.31999969482422
2015-04-02,46.459999084472656
2015-04-06,46.869998931884766
2015-04-07,47.0099983215332
2015-04-08,47.58000183105469
2015-04-09,47.650001525878906
2015-04-10,47.79999923706055
2015-04-13,47.470001220703125
2015-04-14,47.40999984741211
2015-04-15,47.40999984741211
2015-04-16,47.349998474121094
2015-04-17,46.47999954223633
2015-04-20,47.0
2015-04-21,47.290000915527344
2015-04-22,47.540000915527344
2015-04-23,47.959999084472656
2015-04-24,47.61000061035156
2015-04-27,47.29999923706055
2015-04-28,47.61000061035156
2015-04-29,47.5
2015-04-30,46.880001068115234
2015-05-01,47.09000015258789
2015-05-04,47.22999954223633
2015-05-05,46.619998931884766
2015-05-06,46.81999969482422
2015-05-07,47.119998931884766
2015-05-08,47.97999954223633
2015-05-11,48.2400016784668
2015-05-12,47.880001068115234
2015-05-13,48.22999954223633
2015-05-14,48.720001220703125
2015-05-15,48.61000061035156
2015-05-18,48.959999084472656
2015-05-19,49.0
2015-05-20,49.2400016784668
2015-05-21,49.79999923706055
2015-05-22,49.349998474121094
2015-05-26,48.84000015258789
2015-05-27,50.0
2015-05-28,49.83000183105469
2015-05-29,49.88999938964844
2015-06-01,49.91999816894531
2015-06-02,50.15999984741211
2015-06-03,50.72999954223633
2015-06-04,50.31999969482422
2015-06-05,50.7400016784668
2015-06-08,49.880001068115234
2015-06-09,49.47999954223633
2015-06-10,50.209999084472656
2015-06-11,50.56999969482422
2015-06-12,50.27000045776367
2015-06-15,49.7400016784668
2015-06-16,50.0099983215332
2015-06-17,50.06999969482422
2015-06-18,50.31999969482422
2015-06-19,50.150001525878906
2015-06-22,50.599998474121094
2015-06-23,50.38999938964844
2015-06-24,50.25
2015-06-25,50.459999084472656
2015-06-26,50.2400016784668
2015-06-29,49.900001525878906
2015-06-30,50.650001525878906
2015-07-01,50.2400016784668
2015-07-02,49.91999816894531
2015-07-06,49.66999816894531
2015-07-07,49.720001220703125
2015-07-08,49.689998626708984
2015-07-09,50.31999969482422
2015-07-10,50.380001068115234
2015-07-13,50.709999084472656
2015-07-14,51.06999969482422
2015-07-15,51.150001525878906
2015-07-16,50.790000915527344
2015-07-17,50.66999816894531
2015-07-20,50.86000061035156
2015-07-21,50.279998779296875
2015-07-22,50.599998474121094
2015-07-23,50.43000030517578
2015-07-24,50.060001373291016
2015-07-27,49.22999954223633
2015-07-28,50.2400016784668
2015-07-29,50.68000030517578
2015-07-30,50.900001525878906
2015-07-31,50.84000015258789
2015-08-03,50.58000183105469
2015-08-04,50.970001220703125
2015-08-05,51.599998474121094
2015-08-06,51.06999969482422
2015-08-07,51.18000030517578
2015-08-10,51.75
2015-08-11,51.13999938964844
2015-08-12,51.2400016784668
2015-08-13,51.38999938964844
2015-08-14,51.63999938964844
2015-08-17,52.130001068115234
2015-08-18,51.97999954223633
2015-08-19,52.29999923706055
2015-08-20,48.599998474121094
2015-08-21,47.52000045776367
2015-08-24,45.70000076293945
2015-08-25,44.97999954223633
2015-08-26,46.709999084472656
2015-08-27,46.939998626708984
2015-08-28,47.099998474121094
2015-08-31,46.93000030517578
2015-09-01,45.63999938964844
2015-09-02,46.310001373291016
2015-09-03,47.13999938964844
2015-09-04,46.599998474121094
2015-09-08,48.04999923706055
2015-09-09,47.220001220703125
2015-09-10,47.599998474121094
2015-09-11,47.880001068115234
2015-09-14,47.68000030517578
2015-09-15,48.04999923706055
2015-09-16,48.130001068115234
2015-09-17,47.88999938964844
2015-09-18,47.33000183105469
2015-09-21,47.720001220703125
2015-09-22,47.5099983215332
2015-09-23,47.56999969482422
2015-09-24,47.029998779296875
2015-09-25,46.79999923706055
2015-09-28,46.25
2015-09-29,45.959999084472656
2015-09-30,46.18000030517578
2015-10-01,46.400001525878906
2015-10-02,46.91999816894531
2015-10-05,47.54999923706055
2015-10-06,47.54999923706055
2015-10-07,47.68000030517578
2015-10-08,47.79999923706055
2015-10-09,48.040000915527344
2015-10-12,48.099998474121094
2015-10-13,47.599998474121094
2015-10-14,47.560001373291016
2015-10-15,48.029998779296875
2015-10-16,48.43000030517578
2015-10-19,48.400001525878906
2015-10-20,48.18000030517578
2015-10-21,47.66999816894531
2015-10-22,49.47999954223633
2015-10-23,49.720001220703125
2015-10-26,49.88999938964844
2015-10-27,49.369998931884766
2015-10-28,50.58000183105469
2015-10-29,50.0099983215332
2015-10-30,49.97999954223633
2015-11-02,50.41999816894531
2015-11-03,50.52000045776367
2015-11-04,51.040000915527344
2015-11-05,50.84000015258789
2015-11-06,51.529998779296875
2015-11-09,51.189998626708984
2015-11-10,51.400001525878906
2015-11-11,51.4900016784668
2015-11-12,51.119998931884766
2015-11-13,50.560001373291016
2015-11-16,51.06999969482422
2015-11-17,51.630001068115234
2015-11-18,52.11000061035156
2015-11-19,52.52000045776367
2015-11-20,48.22999954223633
2015-11-23,49.5
2015-11-24,49.52000045776367
2015-11-25,49.790000915527344
2015-11-27,50.470001220703125
2015-11-30,50.08000183105469
2015-12-01,50.4900016784668
2015-12-02,50.029998779296875
2015-12-03,46.56999969482422
2015-12-04,47.369998931884766
2015-12-07,46.25
2015-12-08,46.08000183105469
2015-12-09,45.380001068115234
2015-12-10,45.5
2015-12-11,44.970001220703125
2015-12-14,45.43000030517578
2015-12-15,45.22999954223633
2015-12-16,45.720001220703125
2015-12-17,45.220001220703125
2015-12-18,44.77000045776367
2015-12-21,44.72999954223633
2015-12-22,45.34000015258789
2015-12-23,45.880001068115234
2015-12-24,45.77000045776367
2015-12-28,46.15999984741211
2015-12-29,46.45000076293945
2015-12-30,46.13999938964844
2015-12-31,45.61000061035156
2016-01-04,44.91999816894531
2016-01-05,44.970001220703125
2016-01-06,44.310001373291016
2016-01-07,43.279998779296875
2016-01-08,42.349998474121094
2016-01-11,42.09000015258789
2016-01-12,42.02000045776367
2016-01-13,40.529998779296875
2016-01-14,41.25
2016-01-15,40.959999084472656
2016-01-19,40.689998626708984
2016-01-20,40.939998626708984
2016-01-21,40.689998626708984
2016-01-22,41.70000076293945
2016-01-25,41.119998931884766
2016-01-26,41.779998779296875
2016-01-27,41.5099983215332
2016-01-28,41.61000061035156
2016-01-29,42.900001525878906
2016-02-01,42.58000183105469
2016-02-02,42.25
2016-02-03,42.529998779296875
2016-02-04,42.86000061035156
2016-02-05,41.65999984741211
2016-02-08,41.31999969482422
2016-02-09,40.959999084472656
2016-02-10,41.369998931884766
2016-02-11,41.34000015258789
2016-02-12,41.91999816894531
2016-02-16,42.959999084472656
2016-02-17,43.61000061035156
2016-02-18,44.0
2016-02-19,44.47999954223633
2016-02-22,44.720001220703125
2016-02-23,44.099998474121094
2016-02-24,44.220001220703125
2016-02-25,44.54999923706055
2016-02-26,45.20000076293945
2016-02-29,44.75
2016-03-01,45.880001068115234
2016-03-02,45.88999938964844
2016-03-03,45.869998931884766
2016-03-04,46.220001220703125
2016-03-07,46.130001068115234
2016-03-08,45.630001068115234
2016-03-09,45.779998779296875
2016-03-10,45.52000045776367
2016-03-11,46.20000076293945
2016-03-14,46.209999084472656
2016-03-15,46.40999984741211
2016-03-16,46.790000915527344
2016-03-17,47.150001525878906
2016-03-18,47.779998779296875
2016-03-21,47.599998474121094
2016-03-22,47.939998626708984
2016-03-23,47.56999969482422
2016-03-24,47.869998931884766
2016-03-28,47.68000030517578
2016-03-29,48.27000045776367
2016-03-30,48.130001068115234
2016-03-31,48.439998626708984
2016-04-01,49.279998779296875
2016-04-04,48.93000030517578
2016-04-05,48.41999816894531
2016-04-06,48.56999969482422
2016-04-07,48.13999938964844
2016-04-08,48.2400016784668
2016-04-11,47.869998931884766
2016-04-12,47.81999969482422
2016-04-13,48.25
2016-04-14,48.099998474121094
2016-04-15,48.380001068115234
2016-04-18,48.86000061035156
2016-04-19,49.2400016784668
2016-04-20,48.58000183105469
2016-04-21,49.11000061035156
2016-04-22,49.04999923706055
2016-04-25,48.84000015258789
2016-04-26,48.4900016784668
2016-04-27,48.61000061035156
2016-04-28,48.2599983215332
2016-04-29,47.52000045776367
2016-05-02,48.68000030517578
2016-05-03,48.310001373291016
2016-05-04,47.810001373291016
2016-05-05,47.45000076293945
2016-05-06,47.86000061035156
2016-05-09,47.9900016784668
2016-05-10,48.66999816894531
2016-05-11,48.20000076293945
2016-05-12,48.470001220703125
2016-05-13,47.90999984741211
2016-05-16,48.61000061035156
2016-05-17,47.779998779296875
2016-05-18,48.36000061035156
2016-05-19,48.7400016784668
2016-05-20,49.91999816894531
2016-05-23,49.79999923706055
2016-05-24,51.18000030517578
2016-05-25,51.27000045776367
2016-05-26,51.34000015258789
2016-05-27,51.75
2016-05-31,51.66999816894531
2016-06-01,51.97999954223633
2016-06-02,52.400001525878906
2016-06-03,52.029998779296875
2016-06-06,52.470001220703125
2016-06-07,52.7599983215332
2016-06-08,53.439998626708984
2016-06-09,53.08000183105469
2016-06-10,52.5
2016-06-13,52.13999938964844
2016-06-14,52.16999816894531
2016-06-15,52.529998779296875
2016-06-16,52.52000045776367
2016-06-17,52.459999084472656
2016-06-20,53.119998931884766
2016-06-21,53.09000015258789
2016-06-22,53.13999938964844
2016-06-23,53.93000030517578
2016-06-24,52.08000183105469
2016-06-27,51.33000183105469
2016-06-28,52.11000061035156
2016-06-29,53.0
2016-06-30,54.08000183105469
2016-07-01,53.77000045776367
2016-07-05,53.560001373291016
2016-07-06,53.7400016784668
2016-07-07,53.81999969482422
2016-07-08,54.25
2016-07-11,54.66999816894531
2016-07-12,54.90999984741211
2016-07-13,54.869998931884766
2016-07-14,54.790000915527344
2016-07-15,54.41999816894531
2016-07-18,54.310001373291016
2016-07-19,54.58000183105469
2016-07-20,54.880001068115234
2016-07-21,54.45000076293945
2016-07-22,54.810001373291016
2016-07-25,54.619998931884766
2016-07-26,54.16999816894531
2016-07-27,54.029998779296875
2016-07-28,54.310001373291016
2016-07-29,54.15999984741211
2016-08-01,54.54999923706055
2016-08-02,54.130001068115234
2016-08-03,54.36000061035156
2016-08-04,54.68000030517578
2016-08-05,55.15999984741211
2016-08-08,55.130001068115234
2016-08-09,55.4900016784668
2016-08-10,55.75
2016-08-11,55.880001068115234
2016-08-12,55.7400016784668
2016-08-15,56.060001373291016
2016-08-16,55.86000061035156
2016-08-17,55.88999938964844
2016-08-18,58.5
2016-08-19,58.59000015258789
2016-08-22,58.52000045776367
2016-08-23,58.93000030517578
2016-08-24,58.61000061035156
2016-08-25,58.7400016784668
2016-08-26,59.13999938964844
2016-08-29,59.290000915527344
2016-08-30,59.08000183105469
2016-08-31,59.290000915527344
2016-09-01,59.13999938964844
2016-09-02,59.66999816894531
2016-09-06,59.79999923706055
2016-09-07,59.93000030517578
2016-09-08,59.709999084472656
2016-09-09,58.31999969482422
2016-09-12,59.09000015258789
2016-09-13,57.93000030517578
2016-09-14,57.720001220703125
2016-09-15,58.400001525878906
2016-09-16,58.0
2016-09-19,58.529998779296875
2016-09-20,58.34000015258789
2016-09-21,58.97999954223633
2016-09-22,59.65999984741211
2016-09-23,59.380001068115234
2016-09-26,59.18000030517578
2016-09-27,59.619998931884766
2016-09-28,59.90999984741211
2016-09-29,59.08000183105469
2016-09-30,59.349998474121094
2016-10-03,58.90999984741211
2016-10-04,58.790000915527344
2016-10-05,59.650001525878906
2016-10-06,59.83000183105469
2016-10-07,59.2599983215332
2016-10-10,60.560001373291016
2016-10-11,59.56999969482422
2016-10-12,59.7599983215332
2016-10-13,59.47999954223633
2016-10-14,59.75
2016-10-17,59.75
2016-10-18,59.619998931884766
2016-10-19,59.7599983215332
2016-10-20,59.189998626708984
2016-10-21,59.130001068115234
2016-10-24,59.45000076293945
2016-10-25,58.61000061035156
2016-10-26,58.560001373291016
2016-10-27,58.33000183105469
2016-10-28,58.369998931884766
2016-10-31,59.310001373291016
2016-11-01,58.29999923706055
2016-11-02,57.93000030517578
2016-11-03,57.7400016784668
2016-11-04,57.650001525878906
2016-11-07,59.029998779296875
2016-11-08,59.220001220703125
2016-11-09,59.02000045776367
2016-11-10,58.630001068115234
2016-11-11,59.630001068115234
2016-11-14,59.81999969482422
2016-11-15,60.06999969482422
2016-11-16,60.77000045776367
2016-11-17,61.4900016784668
2016-11-18,61.11000061035156
2016-11-21,61.310001373291016
2016-11-22,61.29999923706055
2016-11-23,61.08000183105469
2016-11-25,61.560001373291016
2016-11-28,61.29999923706055
2016-11-29,61.16999816894531
2016-11-30,60.47999954223633
2016-12-01,56.84000015258789
2016-12-02,57.11000061035156
2016-12-05,57.41999816894531
2016-12-06,58.0
2016-12-07,58.91999816894531
2016-12-08,59.310001373291016
2016-12-09,58.900001525878906
2016-12-12,59.91999816894531
2016-12-13,60.279998779296875
2016-12-14,59.959999084472656
2016-12-15,60.369998931884766
2016-12-16,60.11000061035156
2016-12-19,60.369998931884766
2016-12-20,60.41999816894531
2016-12-21,60.099998474121094
2016-12-22,59.40999984741211
2016-12-23,59.7599983215332
2016-12-27,59.849998474121094
2016-12-28,59.220001220703125
2016-12-29,59.41999816894531
2016-12-30,58.86000061035156
2017-01-03,59.369998931884766
2017-01-04,59.56999969482422
2017-01-05,59.790000915527344
2017-01-06,60.0
2017-01-09,60.08000183105469
2017-01-10,60.689998626708984
2017-01-11,60.90999984741211
2017-01-12,60.880001068115234
2017-01-13,61.34000015258789
2017-01-17,60.7400016784668
2017-01-18,60.7599983215332
2017-01-19,60.90999984741211
2017-01-20,60.77000045776367
2017-01-23,60.83000183105469
2017-01-24,62.40999984741211
2017-01-25,62.68000030517578
2017-01-26,62.20000076293945
2017-01-27,62.5
2017-01-30,62.619998931884766
2017-01-31,62.88999938964844
2017-02-01,62.619998931884766
2017-02-02,64.18000030517578
2017-02-03,64.9000015258789
2017-02-06,65.16999816894531
2017-02-07,65.19999694824219
2017-02-08,64.79000091552734
2017-02-09,65.44000244140625
2017-02-10,65.29000091552734
2017-02-13,65.9800033569336
2017-02-14,65.83999633789062
2017-02-15,66.26000213623047
2017-02-16,70.66000366210938
2017-02-17,70.51000213623047
2017-02-21,70.9800033569336
2017-02-22,71.26000213623047
2017-02-23,71.22000122070312
2017-02-24,72.05999755859375
2017-02-27,72.26000213623047
2017-02-28,71.44000244140625
2017-03-01,72.23999786376953
2017-03-02,71.01000213623047
2017-03-03,71.02999877929688
2017-03-06,70.75
2017-03-07,71.08000183105469
2017-03-08,71.3499984741211
2017-03-09,71.38999938964844
2017-03-10,71.83000183105469
2017-03-13,72.08999633789062
2017-03-14,70.76000213623047
2017-03-15,70.25
2017-03-16,70.76000213623047
2017-03-17,71.13999938964844
2017-03-20,71.5199966430664
2017-03-21,70.61000061035156
2017-03-22,71.06999969482422
2017-03-23,71.22000122070312
2017-03-24,71.1500015258789
2017-03-27,71.36000061035156
2017-03-28,71.95999908447266
2017-03-29,72.25
2017-03-30,72.20999908447266
2017-03-31,72.12999725341797
2017-04-03,72.19999694824219
2017-04-04,71.9800033569336
2017-04-05,71.44999694824219
2017-04-06,71.33999633789062
2017-04-07,71.45999908447266
2017-04-10,71.33999633789062
2017-04-11,71.44000244140625
2017-04-12,70.97000122070312
2017-04-13,70.93000030517578
2017-04-17,71.12999725341797
2017-04-18,71.76000213623047
2017-04-19,72.2300033569336
2017-04-20,72.55999755859375
2017-04-21,72.5999984741211
2017-04-24,73.8499984741211
2017-04-25,73.33999633789062
2017-04-26,73.25
2017-04-27,73.66000366210938
2017-04-28,73.69999694824219
2017-05-01,73.94000244140625
2017-05-02,73.75
2017-05-03,73.81999969482422
2017-05-04,74.0
2017-05-05,74.27999877929688
2017-05-08,73.80000305175781
2017-05-09,74.12000274658203
2017-05-10,74.54000091552734
2017-05-11,74.48999786376953
2017-05-12,74.41999816894531
2017-05-15,74.95999908447266
2017-05-16,75.12000274658203
2017-05-17,73.4000015258789
2017-05-18,70.93000030517578
2017-05-19,70.98999786376953
2017-05-22,72.25
2017-05-23,72.5999984741211
2017-05-24,73.02999877929688
2017-05-25,73.52999877929688
2017-05-26,74.37000274658203
2017-05-30,74.69999694824219
2017-05-31,74.87000274658203
2017-06-01,74.93000030517578
2017-06-02,75.81999969482422
2017-06-05,75.76000213623047
2017-06-06,75.80999755859375
2017-06-07,76.06999969482422
2017-06-08,76.12000274658203
2017-06-09,74.93000030517578
2017-06-12,73.88999938964844
2017-06-13,74.66000366210938
2017-06-14,74.33999633789062
2017-06-15,74.0199966430664
2017-06-16,73.77999877929688
2017-06-19,74.70999908447266
2017-06-20,74.61000061035156
2017-06-21,74.6500015258789
2017-06-22,74.58999633789062
2017-06-23,74.36000061035156
2017-06-26,74.5199966430664
2017-06-27,73.6500015258789
2017-06-28,74.26000213623047
2017-06-29,72.97000122070312
2017-06-30,72.93000030517578
2017-07-03,72.12000274658203
2017-07-05,72.73999786376953
2017-07-06,72.52999877929688
2017-07-07,73.1500015258789
2017-07-10,73.5
2017-07-11,73.54000091552734
2017-07-12,75.16000366210938
2017-07-13,74.88999938964844
2017-07-14,75.2699966430664
2017-07-17,75.63999938964844
2017-07-18,75.66000366210938
2017-07-19,76.41000366210938
2017-07-20,75.81999969482422
2017-07-21,75.91000366210938
2017-07-24,76.33999633789062
2017-07-25,76.4000015258789
2017-07-26,76.69000244140625
2017-07-27,76.36000061035156
2017-07-28,76.43000030517578
2017-07-31,76.56999969482422
2017-08-01,76.7699966430664
2017-08-02,76.04000091552734
2017-08-03,76.0999984741211
2017-08-04,76.61000061035156
2017-08-07,77.1500015258789
2017-08-08,76.81999969482422
2017-08-09,76.8499984741211
2017-08-10,75.6500015258789
2017-08-11,76.2699966430664
2017-08-14,77.27999877929688
2017-08-15,78.2300033569336
2017-08-16,79.08999633789062
2017-08-17,76.76000213623047
2017-08-18,77.22000122070312
2017-08-21,77.94999694824219
2017-08-22,78.83999633789062
2017-08-23,78.52999877929688
2017-08-24,78.55000305175781
2017-08-25,78.48999786376953
2017-08-28,78.79000091552734
2017-08-29,78.80000305175781
2017-08-30,79.5999984741211
2017-08-31,80.41999816894531
2017-09-01,80.41000366210938
2017-09-05,80.01000213623047
2017-09-06,80.0
2017-09-07,79.79000091552734
2017-09-08,79.54000091552734
2017-09-11,79.5999984741211
2017-09-12,79.56999969482422
2017-09-13,79.0999984741211
2017-09-14,80.20999908447266
2017-09-15,79.80000305175781
2017-09-18,80.43000030517578
2017-09-19,81.1500015258789
2017-09-20,80.69999694824219
2017-09-21,80.05999755859375
2017-09-22,80.36000061035156
2017-09-25,79.41999816894531
2017-09-26,79.1500015258789
2017-09-27,79.83000183105469
2017-09-28,79.87999725341797
2017-09-29,80.52999877929688
2017-10-02,81.18000030517578
2017-10-03,81.2699966430664
2017-10-04,81.88999938964844
2017-10-05,82.06999969482422
2017-10-06,82.4800033569336
2017-10-09,82.70999908447266
2017-10-10,82.68000030517578
2017-10-11,82.86000061035156
2017-10-12,84.73999786376953
2017-10-13,84.61000061035156
2017-10-16,84.06999969482422
2017-10-17,83.72000122070312
2017-10-18,83.18000030517578
2017-10-19,83.37999725341797
2017-10-20,84.31999969482422
2017-10-23,84.27999877929688
2017-10-24,84.7699966430664
2017-10-25,85.69000244140625
2017-10-26,86.80999755859375
2017-10-27,87.19000244140625
2017-10-30,86.26000213623047
2017-10-31,86.5199966430664
2017-11-01,86.12000274658203
2017-11-02,86.94999694824219
2017-11-03,86.91999816894531
2017-11-06,87.22000122070312
2017-11-07,86.91000366210938
2017-11-08,87.06999969482422
2017-11-09,86.9000015258789
2017-11-10,87.27999877929688
2017-11-13,87.81999969482422
2017-11-14,87.76000213623047
2017-11-15,87.62999725341797
2017-11-16,89.04000091552734
2017-11-17,88.36000061035156
2017-11-20,88.9000015258789
2017-11-21,89.37999725341797
2017-11-22,89.33999633789062
2017-11-24,90.1500015258789
2017-11-27,89.2300033569336
2017-11-28,89.80000305175781
2017-11-29,86.7699966430664
2017-11-30,90.37999725341797
2017-12-01,90.31999969482422
2017-12-04,87.72000122070312
2017-12-05,87.33999633789062
2017-12-06,88.6500015258789
2017-12-07,90.33000183105469
2017-12-08,90.51000213623047
2017-12-11,89.55999755859375
2017-12-12,87.58000183105469
2017-12-13,88.25
2017-12-14,87.9800033569336
2017-12-15,87.86000061035156
2017-12-18,87.91999816894531
2017-12-19,88.37000274658203
2017-12-20,87.0999984741211
2017-12-21,86.4800033569336
2017-12-22,85.81999969482422
2017-12-26,85.3499984741211
2017-12-27,85.70999908447266
2017-12-28,85.6500015258789
2017-12-29,85.23999786376953
2018-01-02,86.02999877929688
2018-01-03,87.05999755859375
2018-01-04,87.88999938964844
2018-01-05,88.93000030517578
2018-01-08,89.76000213623047
2018-01-09,89.69000244140625
2018-01-10,89.33999633789062
2018-01-11,89.70999908447266
2018-01-12,90.37000274658203
2018-01-16,89.2699966430664
2018-01-17,90.9800033569336
2018-01-18,91.47000122070312
2018-01-19,92.61000061035156
2018-01-22,92.95999908447266
2018-01-23,93.37999725341797
2018-01-24,92.83999633789062
2018-01-25,91.91000366210938
2018-01-26,92.95999908447266
2018-01-29,91.27999877929688
2018-01-30,91.31999969482422
2018-01-31,92.61000061035156
2018-02-01,91.37999725341797
2018-02-02,90.16000366210938
2018-02-05,87.62000274658203
2018-02-06,87.44999694824219
2018-02-07,85.8499984741211
2018-02-08,82.62000274658203
2018-02-09,84.33999633789062
2018-02-12,85.33000183105469
2018-02-13,85.5
2018-02-14,86.62000274658203
2018-02-15,88.93000030517578
2018-02-16,89.06999969482422
2018-02-20,89.76000213623047
2018-02-21,88.45999908447266
2018-02-22,84.37999725341797
2018-02-23,85.23999786376953
2018-02-26,85.47000122070312
2018-02-27,84.94000244140625
2018-02-28,84.66999816894531
2018-03-01,84.52999877929688
2018-03-02,85.7699966430664
2018-03-05,86.05999755859375
2018-03-06,86.26000213623047
2018-03-07,86.73999786376953
2018-03-08,88.63999938964844
2018-03-09,89.7300033569336
2018-03-12,89.08999633789062
2018-03-13,88.4800033569336
2018-03-14,87.81999969482422
2018-03-15,87.83000183105469
2018-03-16,88.12999725341797
2018-03-19,86.61000061035156
2018-03-20,86.70999908447266
2018-03-21,86.58999633789062
2018-03-22,84.80000305175781
2018-03-23,82.36000061035156
2018-03-26,84.22000122070312
2018-03-27,82.88999938964844
2018-03-28,82.30000305175781
2018-03-29,83.23999786376953
2018-04-02,80.7699966430664
2018-04-03,81.63999938964844
2018-04-04,82.73999786376953
2018-04-05,82.95999908447266
2018-04-06,81.38999938964844
2018-04-09,81.75
2018-04-10,82.62999725341797
2018-04-11,83.16000366210938
2018-04-12,84.4800033569336
2018-04-13,83.81999969482422
2018-04-16,84.4800033569336
2018-04-17,86.19999694824219
2018-04-18,85.69000244140625
2018-04-19,84.13999938964844
2018-04-20,83.01000213623047
2018-04-23,82.5999984741211
2018-04-24,84.04000091552734
2018-04-25,83.73999786376953
2018-04-26,85.41000366210938
2018-04-27,85.19000244140625
2018-04-30,85.51000213623047
2018-05-01,86.06999969482422
2018-05-02,86.01000213623047
2018-05-03,86.48999786376953
2018-05-04,87.72000122070312
2018-05-07,89.0
2018-05-08,89.05000305175781
2018-05-09,90.83000183105469
2018-05-10,91.19000244140625
2018-05-11,91.0199966430664
2018-05-14,89.88999938964844
2018-05-15,88.66000366210938
2018-05-16,88.94999694824219
2018-05-17,88.9000015258789
2018-05-18,89.25
2018-05-21,89.43000030517578
2018-05-22,89.2699966430664
2018-05-23,90.33000183105469
2018-05-24,88.55999755859375
2018-05-25,88.31999969482422
2018-05-29,87.77999877929688
2018-05-30,87.5
2018-05-31,88.06999969482422
2018-06-01,89.45999908447266
2018-06-04,89.68000030517578
2018-06-05,90.30000305175781
2018-06-06,91.43000030517578
2018-06-07,90.12000274658203
2018-06-08,90.51000213623047
2018-06-11,90.58999633789062
2018-06-12,90.79000091552734
2018-06-13,90.47000122070312
2018-06-14,90.87000274658203
2018-06-15,90.56999969482422
2018-06-18,90.4800033569336
2018-06-19,89.19999694824219
2018-06-20,90.30999755859375
2018-06-21,89.2300033569336
2018-06-22,88.12000274658203
2018-06-25,86.5199966430664
2018-06-26,86.41000366210938
2018-06-27,84.56999969482422
2018-06-28,84.98999786376953
2018-06-29,85.56999969482422
2018-07-02,86.4000015258789
2018-07-03,86.2699966430664
2018-07-05,87.16999816894531
2018-07-06,88.18000030517578
2018-07-09,88.48999786376953
2018-07-10,88.98999786376953
2018-07-11,89.19000244140625
2018-07-12,91.4800033569336
2018-07-13,91.41000366210938
2018-07-16,91.48999786376953
2018-07-17,92.11000061035156
2018-07-18,91.94000244140625
2018-07-19,91.7699966430664
2018-07-20,91.69000244140625
2018-07-23,91.83999633789062
2018-07-24,91.97000122070312
2018-07-25,93.16000366210938
2018-07-26,93.1500015258789
2018-07-27,92.58000183105469
2018-07-30,89.33000183105469
2018-07-31,89.43000030517578
2018-08-01,89.75
2018-08-02,90.66000366210938
2018-08-03,91.13999938964844
2018-08-06,92.33000183105469
2018-08-07,92.6500015258789
2018-08-08,92.87999725341797
2018-08-09,93.41999816894531
2018-08-10,93.52999877929688
2018-08-13,92.87000274658203
2018-08-14,93.19999694824219
2018-08-15,92.63999938964844
2018-08-16,93.41999816894531
2018-08-17,93.33999633789062
2018-08-20,93.55000305175781
2018-08-21,93.91999816894531
2018-08-22,94.66999816894531
2018-08-23,100.69000244140625
2018-08-24,102.12999725341797
2018-08-27,102.12999725341797
2018-08-28,101.86000061035156
2018-08-29,102.16999816894531
2018-08-30,102.02999877929688
2018-08-31,102.13999938964844
2018-09-04,101.81999969482422
2018-09-05,100.66999816894531
2018-09-06,101.77999877929688
2018-09-07,102.05000305175781
2018-09-10,102.58999633789062
2018-09-11,102.44000244140625
2018-09-12,102.08999633789062
2018-09-13,102.80999755859375
2018-09-14,102.72000122070312
2018-09-17,100.06999969482422
2018-09-18,99.5999984741211
2018-09-19,98.94000244140625
2018-09-20,99.77999877929688
2018-09-21,99.22000122070312
2018-09-24,99.41999816894531
2018-09-25,98.83999633789062
2018-09-26,98.0
2018-09-27,98.6500015258789
2018-09-28,98.61000061035156
2018-10-01,97.87000274658203
2018-10-02,96.97000122070312
2018-10-03,97.33000183105469
2018-10-04,94.62999725341797
2018-10-05,93.19999694824219
2018-10-08,91.29000091552734
2018-10-09,90.8499984741211
2018-10-10,86.80999755859375
2018-10-11,85.75
2018-10-12,88.12000274658203
2018-10-15,86.87999725341797
2018-10-16,89.23999786376953
2018-10-17,89.56999969482422
2018-10-18,88.56999969482422
2018-10-19,88.0999984741211
2018-10-22,88.83000183105469
2018-10-23,92.38999938964844
2018-10-24,87.76000213623047
2018-10-25,89.63999938964844
2018-10-26,87.51000213623047
2018-10-29,86.9000015258789
2018-10-30,87.80999755859375
2018-10-31,89.52999877929688
2018-11-01,90.13999938964844
2018-11-02,89.55999755859375
2018-11-05,90.0
2018-11-06,90.2699966430664
2018-11-07,93.22000122070312
2018-11-08,94.33999633789062
2018-11-09,93.3499984741211
2018-11-12,89.73999786376953
2018-11-13,89.9000015258789
2018-11-14,89.58000183105469
2018-11-15,91.55999755859375
2018-11-16,90.13999938964844
2018-11-19,85.70999908447266
2018-11-20,85.16999816894531
2018-11-21,86.66000366210938
2018-11-23,85.58999633789062
2018-11-26,88.30000305175781
2018-11-27,86.95999908447266
2018-11-28,90.44999694824219
2018-11-29,89.5199966430664
2018-11-30,91.94000244140625
2018-12-03,92.9000015258789
2018-12-04,89.44999694824219
2018-12-06,91.19000244140625
2018-12-07,87.81999969482422
2018-12-10,89.33999633789062
2018-12-11,89.06999969482422
2018-12-12,89.76000213623047
2018-12-13,89.29000091552734
2018-12-14,87.6500015258789
2018-12-17,85.62999725341797
2018-12-18,85.66000366210938
2018-12-19,84.12000274658203
2018-12-20,83.69999694824219
2018-12-21,80.80000305175781
2018-12-24,79.23999786376953
2018-12-26,82.79000091552734
2018-12-27,83.23999786376953
2018-12-28,83.63999938964844
2018-12-31,84.23999786376953
2019-01-02,84.05000305175781
2019-01-03,81.11000061035156
2019-01-04,83.9000015258789
2019-01-07,85.76000213623047
2019-01-08,86.0999984741211
2019-01-09,86.95999908447266
2019-01-10,87.81999969482422
2019-01-11,87.70999908447266
2019-01-14,87.41000366210938
2019-01-15,88.47000122070312
2019-01-16,88.94999694824219
2019-01-17,89.13999938964844
2019-01-18,91.48999786376953
2019-01-22,89.79000091552734
2019-01-23,89.9800033569336
2019-01-24,91.41999816894531
2019-01-25,93.55000305175781
2019-01-28,91.6500015258789
2019-01-29,90.33999633789062
2019-01-30,92.43000030517578
2019-01-31,93.3499984741211
2019-02-01,94.79000091552734
2019-02-04,97.55999755859375
2019-02-05,98.70999908447266
2019-02-06,99.73999786376953
2019-02-07,98.44999694824219
2019-02-08,99.41999816894531
2019-02-11,98.87000274658203
2019-02-12,101.58999633789062
2019-02-13,100.66000366210938
2019-02-14,100.61000061035156
2019-02-15,101.6500015258789
2019-02-19,101.86000061035156
2019-02-20,102.9800033569336
2019-02-21,101.47000122070312
2019-02-22,102.30000305175781
2019-02-25,102.88999938964844
2019-02-26,102.56999969482422
2019-02-27,102.62999725341797
2019-02-28,101.68000030517578
2019-03-01,103.19000244140625
2019-03-04,103.0
2019-03-05,103.37999725341797
2019-03-06,103.68000030517578
2019-03-07,103.26000213623047
2019-03-08,103.19999694824219
2019-03-11,105.41000366210938
2019-03-12,106.9000015258789
2019-03-13,107.62999725341797
2019-03-14,108.0
2019-03-15,109.16999816894531
2019-03-18,109.30999755859375
2019-03-19,109.19000244140625
2019-03-20,109.2699966430664
2019-03-21,112.91000366210938
2019-03-22,110.30999755859375
2019-03-25,111.36000061035156
2019-03-26,112.4000015258789
2019-03-27,112.48999786376953
2019-03-28,113.93000030517578
2019-03-29,115.1500015258789
2019-04-01,117.56999969482422
2019-04-02,117.51000213623047
2019-04-03,117.41999816894531
2019-04-04,115.26000213623047
2019-04-05,116.58999633789062
2019-04-08,116.43000030517578
2019-04-09,116.69000244140625
2019-04-10,117.27999877929688
2019-04-11,117.76000213623047
2019-04-12,118.19000244140625
2019-04-15,117.56999969482422
2019-04-16,116.7300033569336
2019-04-17,116.04000091552734
2019-04-18,115.9800033569336
2019-04-22,116.98999786376953
2019-04-23,119.88999938964844
2019-04-24,119.87000274658203
2019-04-25,119.69999694824219
2019-04-26,120.12000274658203
2019-04-29,119.86000061035156
2019-04-30,121.08000183105469
2019-05-01,120.08999633789062
2019-05-02,120.69999694824219
2019-05-03,121.6500015258789
2019-05-06,121.52999877929688
2019-05-07,119.56999969482422
2019-05-08,119.36000061035156
2019-05-09,118.9000015258789
2019-05-10,119.81999969482422
2019-05-13,115.9000015258789
2019-05-14,117.73999786376953
2019-05-15,120.2300033569336
2019-05-16,123.16999816894531
2019-05-17,121.38999938964844
2019-05-20,115.01000213623047
2019-05-21,115.77999877929688
2019-05-22,115.08999633789062
2019-05-23,117.01000213623047
2019-05-24,116.70999908447266
2019-05-28,117.87999725341797
2019-05-29,116.22000122070312
2019-05-30,117.04000091552734
2019-05-31,116.44000244140625
2019-06-03,113.41000366210938
2019-06-04,118.05000305175781
2019-06-05,120.9800033569336
2019-06-06,122.12000274658203
2019-06-07,123.9000015258789
2019-06-10,126.22000122070312
2019-06-11,126.13999938964844
2019-06-12,126.73999786376953
2019-06-13,125.9800033569336
2019-06-14,124.80000305175781
2019-06-17,124.5199966430664
2019-06-18,125.86000061035156
2019-06-19,127.6500015258789
2019-06-20,130.00999450683594
2019-06-21,128.83999633789062
2019-06-24,128.11000061035156
2019-06-25,124.63999938964844
2019-06-26,123.9800033569336
2019-06-27,125.62000274658203
2019-06-28,128.69000244140625
2019-07-01,131.42999267578125
2019-07-02,133.4600067138672
2019-07-03,134.88999938964844
2019-07-05,135.39999389648438
2019-07-08,135.60000610351562
2019-07-09,135.86000061035156
2019-07-10,137.57000732421875
2019-07-11,136.44000244140625
2019-07-12,137.41000366210938
2019-07-15,137.4600067138672
2019-07-16,135.91000366210938
2019-07-17,135.75
2019-07-18,136.0399932861328
2019-07-19,134.99000549316406
2019-07-22,135.4199981689453
2019-07-23,136.16000366210938
2019-07-24,137.6199951171875
2019-07-25,137.5
2019-07-26,137.08999633789062
2019-07-29,136.2100067138672
2019-07-30,135.3699951171875
2019-07-31,132.75999450683594
2019-08-01,132.52000427246094
2019-08-02,129.35000610351562
2019-08-05,124.7699966430664
2019-08-06,126.2300033569336
2019-08-07,127.04000091552734
2019-08-08,131.97000122070312
2019-08-09,131.0
2019-08-12,128.16000366210938
2019-08-13,132.1199951171875
2019-08-14,126.70999908447266
2019-08-15,127.29000091552734
2019-08-16,128.97999572753906
2019-08-19,129.94000244140625
2019-08-20,129.9600067138672
2019-08-21,131.83999633789062
2019-08-22,139.0
2019-08-23,135.0500030517578
2019-08-26,136.6199951171875
2019-08-27,136.69000244140625
2019-08-28,136.75
2019-08-29,141.30999755859375
2019-08-30,141.80999755859375
2019-09-03,139.27000427246094
2019-09-04,141.52000427246094
2019-09-05,145.9499969482422
2019-09-06,145.50999450683594
2019-09-09,141.25999450683594
2019-09-10,135.25
2019-09-11,134.63999938964844
2019-09-12,137.38999938964844
2019-09-13,134.63999938964844
2019-09-16,133.24000549316406
2019-09-17,136.6999969482422
2019-09-18,136.5
2019-09-19,137.1300048828125
2019-09-20,135.72000122070312
2019-09-23,137.11000061035156
2019-09-24,136.47999572753906
2019-09-25,139.38999938964844
2019-09-26,140.74000549316406
2019-09-27,136.2100067138672
2019-09-30,137.25
2019-10-01,135.99000549316406
2019-10-02,133.30999755859375
2019-10-03,136.02999877929688
2019-10-04,138.77999877929688
2019-10-07,137.88999938964844
2019-10-08,133.94000244140625
2019-10-09,135.7899932861328
2019-10-10,138.22000122070312
2019-10-11,138.61000061035156
2019-10-14,138.85000610351562
2019-10-15,140.66000366210938
2019-10-16,138.74000549316406
2019-10-17,136.8300018310547
2019-10-18,134.9499969482422
2019-10-21,136.67999267578125
2019-10-22,132.1199951171875
2019-10-23,133.9600067138672
2019-10-24,137.72000122070312
2019-10-25,137.13999938964844
2019-10-28,137.2899932861328
2019-10-29,136.67999267578125
2019-10-30,137.61000061035156
2019-10-31,135.75
2019-11-01,136.10000610351562
2019-11-04,135.77000427246094
2019-11-05,135.6300048828125
2019-11-06,136.57000732421875
2019-11-07,135.22999572753906
2019-11-08,136.2100067138672
2019-11-11,137.80999755859375
2019-11-12,138.88999938964844
2019-11-13,139.1999969482422
2019-11-14,138.1300048828125
2019-11-15,139.7100067138672
2019-11-18,139.22999572753906
2019-11-19,141.75
2019-11-20,140.83999633789062
2019-11-21,138.77000427246094
2019-11-22,135.3800048828125
2019-11-25,138.19000244140625
2019-11-26,140.07000732421875
2019-11-27,141.77000427246094
2019-11-29,141.0399932861328
2019-12-02,135.49000549316406
2019-12-03,135.2100067138672
2019-12-04,136.00999450683594
2019-12-05,131.8800048828125
2019-12-06,134.2100067138672
2019-12-09,132.24000549316406
2019-12-10,131.61000061035156
2019-12-11,132.0800018310547
2019-12-12,135.8800048828125
2019-12-13,136.6999969482422
2019-12-16,136.60000610351562
2019-12-17,136.94000244140625
2019-12-18,138.10000610351562
2019-12-19,139.5
2019-12-20,139.8800048828125
2019-12-23,139.91000366210938
2019-12-24,138.2100067138672
2019-12-26,140.07000732421875
2019-12-27,140.6199951171875
2019-12-30,139.10000610351562
2019-12-31,139.1999969482422
2020-01-02,142.8699951171875
2020-01-03,141.75999450683594
2020-01-06,141.97999572753906
2020-01-07,142.9600067138672
2020-01-08,145.86000061035156
2020-01-09,148.6699981689453
2020-01-10,148.4600067138672
2020-01-13,149.92999267578125
2020-01-14,148.19000244140625
2020-01-15,147.91000366210938
2020-01-16,149.69000244140625
2020-01-17,151.86000061035156
2020-01-21,153.5800018310547
2020-01-22,153.42999267578125
2020-01-23,154.9600067138672
2020-01-24,154.0500030517578
2020-01-27,150.3800048828125
2020-01-28,152.0500030517578
2020-01-29,150.44000244140625
2020-01-30,150.82000732421875
2020-01-31,147.50999450683594
2020-02-03,150.25999450683594
2020-02-04,155.80999755859375
2020-02-05,154.2100067138672
2020-02-06,154.77000427246094
2020-02-07,154.27999877929688
2020-02-10,156.9199981689453
2020-02-11,158.22000122070312
2020-02-12,159.52000427246094
2020-02-13,161.3699951171875
2020-02-14,163.35000610351562
2020-02-18,162.9199981689453
2020-02-19,164.99000549316406
2020-02-20,155.0800018310547
2020-02-21,149.3300018310547
2020-02-24,145.94000244140625
2020-02-25,142.16000366210938
2020-02-26,142.0399932861328
2020-02-27,136.8300018310547
2020-02-28,137.92999267578125
2020-03-02,141.6300048828125
2020-03-03,140.1199951171875
2020-03-04,146.82000732421875
2020-03-05,142.63999938964844
2020-03-06,137.72000122070312
2020-03-09,127.69999694824219
2020-03-10,135.19000244140625
2020-03-11,131.74000549316406
2020-03-12,119.1500015258789
2020-03-13,129.8800048828125
2020-03-16,112.75
2020-03-17,119.62000274658203
2020-03-18,114.2300033569336
2020-03-19,114.95999908447266
2020-03-20,110.0
2020-03-23,108.4800033569336
2020-03-24,120.62999725341797
2020-03-25,121.31999969482422
2020-03-26,127.97000122070312
2020-03-27,124.37999725341797
2020-03-30,129.30999755859375
2020-03-31,128.7899932861328
2020-04-01,125.95999908447266
2020-04-02,128.64999389648438
2020-04-03,124.55000305175781
2020-04-06,135.91000366210938
2020-04-07,135.50999450683594
2020-04-08,138.85000610351562
2020-04-09,136.5800018310547
2020-04-13,140.1300048828125
2020-04-14,147.42999267578125
2020-04-15,146.1699981689453
2020-04-16,151.8300018310547
2020-04-17,154.97999572753906
2020-04-20,151.00999450683594
2020-04-21,144.83999633789062
2020-04-22,150.72000122070312
2020-04-23,151.99000549316406
2020-04-24,153.02999877929688
2020-04-27,154.13999938964844
2020-04-28,151.8300018310547
2020-04-29,158.00999450683594
2020-04-30,157.1199951171875
2020-05-01,149.63999938964844
2020-05-04,151.0800018310547
2020-05-05,154.24000549316406
2020-05-06,156.8300018310547
2020-05-07,158.94000244140625
2020-05-08,160.1699981689453
2020-05-11,161.5800018310547
2020-05-12,158.57000732421875
2020-05-13,156.1999969482422
2020-05-14,157.8300018310547
2020-05-15,158.72999572753906
2020-05-18,159.8699951171875
2020-05-19,162.02000427246094
2020-05-20,165.47000122070312
2020-05-21,168.49000549316406
2020-05-22,171.11000061035156
2020-05-26,168.52999877929688
2020-05-27,170.4199981689453
2020-05-28,174.0500030517578
2020-05-29,180.91000366210938
2020-06-01,182.60000610351562
2020-06-02,183.02000427246094
2020-06-03,184.2100067138672
2020-06-04,182.4499969482422
2020-06-05,182.97000122070312
2020-06-08,186.82000732421875
2020-06-09,189.6199951171875
2020-06-10,189.4199981689453
2020-06-11,179.52000427246094
2020-06-12,179.60000610351562
2020-06-15,184.0500030517578
2020-06-16,186.14999389648438
2020-06-17,188.97000122070312
2020-06-18,189.8800048828125
2020-06-19,184.4499969482422
2020-06-22,193.27000427246094
2020-06-23,192.8699951171875
2020-06-24,189.1999969482422
2020-06-25,189.69000244140625
2020-06-26,190.4199981689453
2020-06-29,189.72000122070312
2020-06-30,195.0
2020-07-01,196.89999389648438
2020-07-02,197.5800018310547
2020-07-06,199.38999938964844
2020-07-07,197.6300048828125
2020-07-08,201.47999572753906
2020-07-09,204.5500030517578
2020-07-10,198.00999450683594
2020-07-13,194.14999389648438
2020-07-14,195.27999877929688
2020-07-15,194.35000610351562
2020-07-16,193.22000122070312
2020-07-17,196.27999877929688
2020-07-20,201.89999389648438
2020-07-21,199.69000244140625
2020-07-22,200.66000366210938
2020-07-23,197.8000030517578
2020-07-24,193.3699951171875
2020-07-27,197.08999633789062
2020-07-28,194.89999389648438
2020-07-29,198.4199981689453
2020-07-30,199.33999633789062
2020-07-31,199.22000122070312
2020-08-03,202.8000030517578
2020-08-04,201.85000610351562
2020-08-05,201.55999755859375
2020-08-06,202.25999450683594
2020-08-07,198.7899932861328
2020-08-10,195.63999938964844
2020-08-11,191.0399932861328
2020-08-12,194.33999633789062
2020-08-13,196.35000610351562
2020-08-14,196.16000366210938
2020-08-17,200.2100067138672
2020-08-18,200.08999633789062
2020-08-19,198.22000122070312
2020-08-20,215.16000366210938
2020-08-21,213.10000610351562
2020-08-24,213.77000427246094
2020-08-25,216.1699981689453
2020-08-26,219.77000427246094
2020-08-27,217.1699981689453
2020-08-28,219.49000549316406
2020-08-31,221.3000030517578
2020-09-01,225.33999633789062
2020-09-02,229.36000061035156
2020-09-03,214.7899932861328
2020-09-04,208.97999572753906
2020-09-08,198.99000549316406
2020-09-09,205.3300018310547
2020-09-10,203.27999877929688
2020-09-11,200.24000549316406
2020-09-14,205.5399932861328
2020-09-15,210.9499969482422
2020-09-16,206.86000061035156
2020-09-17,201.86000061035156
2020-09-18,197.92999267578125
2020-09-21,201.97999572753906
2020-09-22,204.8000030517578
2020-09-23,197.86000061035156
2020-09-24,201.50999450683594
2020-09-25,208.5
2020-09-28,212.63999938964844
2020-09-29,212.32000732421875
2020-09-30,213.97999572753906
2020-10-01,217.08999633789062
2020-10-02,212.0500030517578
2020-10-05,216.63999938964844
2020-10-06,214.33999633789062
2020-10-07,219.52999877929688
2020-10-08,219.02999877929688
2020-10-09,222.82000732421875
2020-10-12,228.92999267578125
2020-10-13,228.17999267578125
2020-10-14,226.80999755859375
2020-10-15,228.02999877929688
2020-10-16,226.47999572753906
2020-10-19,224.3699951171875
2020-10-20,226.39999389648438
2020-10-21,227.4499969482422
2020-10-22,225.1699981689453
2020-10-23,226.74000549316406
2020-10-26,220.6300048828125
2020-10-27,222.91000366210938
2020-10-28,217.82000732421875
2020-10-29,219.4600067138672
2020-10-30,213.86000061035156
2020-11-02,215.77999877929688
2020-11-03,221.74000549316406
2020-11-04,233.30999755859375
2020-11-05,240.55999755859375
2020-11-06,241.77999877929688
2020-11-09,233.7899932861328
2020-11-10,219.3300018310547
2020-11-11,224.89999389648438
2020-11-12,223.75999450683594
2020-11-13,226.22999572753906
2020-11-16,222.33999633789062
2020-11-17,221.1999969482422
2020-11-18,218.19000244140625
2020-11-19,221.27999877929688
2020-11-20,218.50999450683594
2020-11-23,216.0
2020-11-24,215.49000549316406
2020-11-25,217.02000427246094
2020-11-27,225.4199981689453
2020-11-30,227.5
2020-12-01,230.02000427246094
2020-12-02,224.72000122070312
2020-12-03,234.47000122070312
2020-12-04,236.8800048828125
2020-12-07,239.1699981689453
2020-12-08,238.75999450683594
2020-12-09,232.77000427246094
2020-12-10,234.1699981689453
2020-12-11,236.38999938964844
2020-12-14,238.86000061035156
2020-12-15,242.74000549316406
2020-12-16,248.10000610351562
2020-12-17,250.2899932861328
2020-12-18,255.0
2020-12-21,254.24000549316406
2020-12-22,258.04998779296875
2020-12-23,254.6999969482422
2020-12-24,256.2799987792969
2020-12-28,256.1600036621094
2020-12-29,253.82000732421875
2020-12-30,256.9100036621094
2020-12-31,259.239990234375
2021-01-04,254.6999969482422
2021-01-05,258.8900146484375
2021-01-06,249.6999969482422
2021-01-07,258.8399963378906
2021-01-08,262.79998779296875
2021-01-11,260.42999267578125
2021-01-12,258.5799865722656
2021-01-13,257.1400146484375
2021-01-14,257.9100036621094
2021-01-15,258.9200134277344
2021-01-19,268.20001220703125
2021-01-20,273.42999267578125
2021-01-21,272.8699951171875
2021-01-22,270.1400146484375
2021-01-25,269.6300048828125
2021-01-26,266.0899963378906
2021-01-27,254.52999877929688
2021-01-28,259.1600036621094
2021-01-29,255.4499969482422
2021-02-01,263.57000732421875
2021-02-02,269.760009765625
2021-02-03,265.2099914550781
2021-02-04,270.0899963378906
2021-02-05,272.9200134277344
2021-02-08,276.4800109863281
2021-02-09,278.1600036621094
2021-02-10,276.8699951171875
2021-02-11,286.70001220703125
2021-02-12,292.0899963378906
2021-02-16,290.6700134277344
2021-02-17,283.760009765625
2021-02-18,270.95001220703125
2021-02-19,268.07000732421875
2021-02-22,254.69000244140625
2021-02-23,253.2100067138672
2021-02-24,260.67999267578125
2021-02-25,244.08999633789062
2021-02-26,245.2100067138672
2021-03-01,254.1699981689453
2021-03-02,247.8699951171875
2021-03-03,236.92999267578125
2021-03-04,229.8000030517578
2021-03-05,227.8000030517578
2021-03-08,218.49000549316406
2021-03-09,228.39999389648438
2021-03-10,228.83999633789062
2021-03-11,234.25999450683594
2021-03-12,229.4499969482422
2021-03-15,234.8699951171875
2021-03-16,234.0500030517578
2021-03-17,235.61000061035156
2021-03-18,227.38999938964844
2021-03-19,227.86000061035156
2021-03-22,234.42999267578125
2021-03-23,235.1300048828125
2021-03-24,233.0500030517578
2021-03-25,231.6699981689453
2021-03-26,242.75
2021-03-29,240.4600067138672
2021-03-30,239.60000610351562
2021-03-31,247.77999877929688
2021-04-01,254.22999572753906
2021-04-05,260.1099853515625
2021-04-06,257.3599853515625
2021-04-07,257.0
2021-04-08,261.010009765625
2021-04-09,261.8500061035156
2021-04-12,258.04998779296875
2021-04-13,261.92999267578125
2021-04-14,258.5899963378906
2021-04-15,262.1300048828125
2021-04-16,260.7699890136719
2021-04-19,250.63999938964844
2021-04-20,250.1699981689453
2021-04-21,252.55999755859375
2021-04-22,248.2100067138672
2021-04-23,251.4499969482422
2021-04-26,256.8800048828125
2021-04-27,251.6999969482422
2021-04-28,251.3699951171875
2021-04-29,252.50999450683594
2021-04-30,247.05999755859375
2021-05-03,244.80999755859375
2021-05-04,237.07000732421875
2021-05-05,237.4600067138672
2021-05-06,237.4600067138672
2021-05-07,241.83999633789062
2021-05-10,232.38999938964844
2021-05-11,234.82000732421875
2021-05-12,228.5399932861328
2021-05-13,230.86000061035156
2021-05-14,239.6999969482422
2021-05-17,236.0
2021-05-18,235.02999877929688
2021-05-19,237.36000061035156
2021-05-20,244.7100067138672
2021-05-21,242.0
2021-05-24,248.5800018310547
2021-05-25,255.8300018310547
2021-05-26,254.27999877929688
2021-05-27,254.6199951171875
2021-05-28,254.33999633789062
2021-06-01,253.82000732421875
2021-06-02,253.0500030517578
2021-06-03,250.58999633789062
2021-06-04,255.8800048828125
2021-06-07,252.58999633789062
2021-06-08,254.99000549316406
2021-06-09,256.05999755859375
2021-06-10,262.07000732421875
2021-06-11,263.07000732421875
2021-06-14,266.489990234375
2021-06-15,264.0899963378906
2021-06-16,261.4100036621094
2021-06-17,265.1400146484375
2021-06-18,265.8599853515625
2021-06-21,264.79998779296875
2021-06-22,268.4599914550781
2021-06-23,268.8599853515625
2021-06-24,273.79998779296875
2021-06-25,268.9700012207031
2021-06-28,274.0299987792969
2021-06-29,276.17999267578125
2021-06-30,275.7900085449219
2021-07-01,277.1099853515625
2021-07-02,279.1600036621094
2021-07-06,279.2900085449219
2021-07-07,279.8599853515625
2021-07-08,278.8599853515625
2021-07-09,280.75
2021-07-12,278.55999755859375
2021-07-13,278.0899963378906
2021-07-14,279.0799865722656
2021-07-15,277.67999267578125
2021-07-16,276.55999755859375
2021-07-19,274.4800109863281
2021-07-20,277.8900146484375
2021-07-21,278.2200012207031
2021-07-22,281.6000061035156
2021-07-23,285.07000732421875
2021-07-26,283.8900146484375
2021-07-27,281.1600036621094
2021-07-28,283.69000244140625
2021-07-29,285.5299987792969
2021-07-30,287.989990234375
2021-08-02,287.6099853515625
2021-08-03,289.20001220703125
2021-08-04,291.489990234375
2021-08-05,293.20001220703125
2021-08-06,292.42999267578125
2021-08-09,291.3999938964844
2021-08-10,288.25
2021-08-11,288.95001220703125
2021-08-12,292.19000244140625
2021-08-13,293.1199951171875
2021-08-16,294.4200134277344
2021-08-17,291.6199951171875
2021-08-18,290.6300048828125
2021-08-19,315.989990234375
2021-08-20,316.8800048828125
2021-08-23,320.9200134277344
2021-08-24,324.95001220703125
2021-08-25,325.010009765625
2021-08-26,326.510009765625
2021-08-27,331.80999755859375
2021-08-30,334.2799987792969
2021-08-31,332.239990234375
2021-09-01,333.6300048828125
2021-09-02,337.739990234375
2021-09-03,336.6400146484375
2021-09-07,336.32000732421875
2021-09-08,336.5899963378906
2021-09-09,333.54998779296875
2021-09-10,332.489990234375
2021-09-13,331.5899963378906
2021-09-14,332.5899963378906
2021-09-15,336.0899963378906
2021-09-16,335.3800048828125
2021-09-17,325.5400085449219
2021-09-20,321.29998779296875
2021-09-21,317.8999938964844
2021-09-22,320.5199890136719
2021-09-23,322.8800048828125
2021-09-24,321.94000244140625
2021-09-27,313.3999938964844
2021-09-28,301.92999267578125
2021-09-29,302.6199951171875
2021-09-30,299.4100036621094
2021-10-01,302.489990234375
2021-10-04,289.25
2021-10-05,293.3500061035156
2021-10-06,294.57000732421875
2021-10-07,298.3699951171875
2021-10-08,291.6600036621094
2021-10-11,288.739990234375
2021-10-12,292.0400085449219
2021-10-13,296.29998779296875
2021-10-14,304.8299865722656
2021-10-15,306.260009765625
2021-10-18,307.2200012207031
2021-10-19,311.0
2021-10-20,315.5
2021-10-21,321.010009765625
2021-10-22,321.1199951171875
2021-10-25,324.0
2021-10-26,328.0299987792969
2021-10-27,319.1300048828125
2021-10-28,326.7799987792969
2021-10-29,333.17999267578125
2021-11-01,329.8399963378906
2021-11-02,333.19000244140625
2021-11-03,333.4100036621094
2021-11-04,341.7200012207031
2021-11-05,340.75
2021-11-08,342.9100036621094
2021-11-09,348.260009765625
2021-11-10,337.6600036621094
2021-11-11,340.3599853515625
2021-11-12,347.010009765625
2021-11-15,345.75
2021-11-16,353.4599914550781
2021-11-17,353.9200134277344
2021-11-18,352.0899963378906
2021-11-19,357.95001220703125
2021-11-22,347.9700012207031
2021-11-23,344.6600036621094
2021-11-24,349.2099914550781
2021-11-26,342.1600036621094
2021-11-29,355.8699951171875
2021-11-30,341.0
2021-12-01,334.75
2021-12-02,349.6700134277344
2021-12-03,344.55999755859375
2021-12-06,345.45001220703125
2021-12-07,356.20001220703125
2021-12-08,364.3599853515625
2021-12-09,354.4800109863281
2021-12-10,362.3399963378906
2021-12-13,362.2300109863281
2021-12-14,345.92999267578125
2021-12-15,361.29998779296875
2021-12-16,352.9200134277344
2021-12-17,348.0400085449219
2021-12-20,346.1099853515625
2021-12-21,359.07000732421875
2021-12-22,364.8299865722656
2021-12-23,366.1499938964844
2021-12-27,375.5899963378906
2021-12-28,372.1499938964844
2021-12-29,373.44000244140625
2021-12-30,370.80999755859375
2021-12-31,368.5
2022-01-03,361.1000061035156
2022-01-04,352.989990234375
2022-01-05,339.7699890136719
2022-01-06,344.9700012207031
2022-01-07,330.3599853515625
2022-01-10,329.6300048828125
2022-01-11,340.3800048828125
2022-01-12,338.5899963378906
2022-01-13,327.510009765625
2022-01-14,326.1600036621094
2022-01-18,313.4800109863281
2022-01-19,312.1400146484375
2022-01-20,309.9599914550781
2022-01-21,303.30999755859375
2022-01-24,308.3399963378906
2022-01-25,291.6600036621094
2022-01-26,288.55999755859375
2022-01-27,285.3599853515625
2022-01-28,296.3500061035156
2022-01-31,310.5
2022-02-01,311.82000732421875
2022-02-02,315.6300048828125
2022-02-03,303.510009765625
2022-02-04,308.8900146484375
2022-02-07,305.1400146484375
2022-02-08,309.1099853515625
2022-02-09,324.17999267578125
2022-02-10,311.1499938964844
2022-02-11,295.2900085449219
2022-02-14,294.9599914550781
2022-02-15,306.1499938964844
2022-02-16,306.7900085449219
2022-02-17,293.30999755859375
2022-02-18,287.6300048828125
2022-02-22,289.4700012207031
2022-02-23,285.5299987792969
2022-02-24,307.79998779296875
2022-02-25,311.1499938964844
2022-02-28,312.3900146484375
2022-03-01,307.7099914550781
2022-03-02,315.32000732421875
2022-03-03,308.8399963378906
2022-03-04,309.05999755859375
2022-03-07,295.4599914550781
2022-03-08,296.3500061035156
2022-03-09,307.7900085449219
2022-03-10,300.8399963378906
2022-03-11,293.69000244140625
2022-03-14,278.9800109863281
2022-03-15,285.5
2022-03-16,300.0799865722656
2022-03-17,304.04998779296875
2022-03-18,318.2099914550781
2022-03-21,314.30999755859375
2022-03-22,325.2200012207031
2022-03-23,316.44000244140625
2022-03-24,325.55999755859375
2022-03-25,318.9100036621094
2022-03-28,332.3800048828125
2022-03-29,341.0
2022-03-30,332.5899963378906
2022-03-31,333.2699890136719
2022-04-01,334.9800109863281
2022-04-04,340.1499938964844
2022-04-05,327.7099914550781
2022-04-06,324.8500061035156
2022-04-07,326.3699951171875
2022-04-08,319.8299865722656
2022-04-11,309.7699890136719
2022-04-12,310.8299865722656
2022-04-13,306.7200012207031
2022-04-14,294.7699890136719
2022-04-18,297.1199951171875
2022-04-19,306.3299865722656
2022-04-20,306.260009765625
2022-04-21,295.5
2022-04-22,285.0
2022-04-25,290.9200134277344
2022-04-26,282.8999938964844
2022-04-27,287.0299987792969
2022-04-28,301.8599853515625
2022-04-29,286.7900085449219
2022-05-02,290.7099914550781
2022-05-03,292.2099914550781
2022-05-04,299.19000244140625
2022-05-05,282.3399963378906
2022-05-06,274.7099914550781
2022-05-09,262.4100036621094
2022-05-10,270.510009765625
2022-05-11,260.8299865722656
2022-05-12,262.05999755859375
2022-05-13,275.989990234375
2022-05-16,273.7300109863281
2022-05-17,282.80999755859375
2022-05-18,272.57000732421875
2022-05-19,300.5199890136719
2022-05-20,306.7200012207031
2022-05-23,306.9800109863281
2022-05-24,296.3699951171875
2022-05-25,299.1700134277344
2022-05-26,306.1000061035156
2022-05-27,322.9599914550781
2022-05-31,319.20001220703125
2022-06-01,316.8599853515625
2022-06-02,330.80999755859375
2022-06-03,327.67999267578125
2022-06-06,328.7900085449219
2022-06-07,329.5299987792969
2022-06-08,322.8900146484375
2022-06-09,317.0799865722656
2022-06-10,305.3900146484375
2022-06-13,290.25
2022-06-14,295.1600036621094
2022-06-15,303.239990234375
2022-06-16,289.489990234375
2022-06-17,296.17999267578125
2022-06-21,302.2200012207031
2022-06-22,301.239990234375
2022-06-23,309.25
2022-06-24,317.4700012207031
2022-06-27,311.8599853515625
2022-06-28,303.6700134277344
2022-06-29,306.05999755859375
2022-06-30,303.70001220703125
2022-07-01,301.2300109863281
2022-07-05,302.9100036621094
2022-07-06,309.6300048828125
2022-07-07,319.42999267578125
2022-07-08,317.5400085449219
2022-07-11,315.19000244140625
2022-07-12,306.4100036621094
2022-07-13,303.07000732421875
2022-07-14,305.0199890136719
2022-07-15,314.29998779296875
2022-07-18,310.42999267578125
2022-07-19,323.510009765625
2022-07-20,330.70001220703125
2022-07-21,338.6600036621094
2022-07-22,338.0400085449219
2022-07-25,337.6700134277344
2022-07-26,339.4100036621094
2022-07-27,353.5400085449219
2022-07-28,362.6400146484375
2022-07-29,367.5
2022-08-01,370.010009765625
2022-08-02,368.3599853515625
2022-08-03,370.8399963378906
2022-08-04,372.2900085449219
2022-08-05,374.2900085449219
2022-08-08,372.07000732421875
2022-08-09,372.6099853515625
2022-08-10,375.7099914550781
2022-08-11,377.010009765625
2022-08-12,385.44000244140625
2022-08-15,390.45001220703125
2022-08-16,385.6700134277344
2022-08-17,381.0
2022-08-18,373.32000732421875
2022-08-19,363.0
2022-08-22,358.1000061035156
2022-08-23,359.0
2022-08-24,358.75
2022-08-25,363.260009765625
2022-08-26,355.0
2022-08-29,347.489990234375
2022-08-30,346.0
2022-08-31,346.0199890136719
2022-09-01,332.489990234375
2022-09-02,330.55999755859375
2022-09-06,326.8299865722656
2022-09-07,332.0400085449219
2022-09-08,333.760009765625
2022-09-09,340.17999267578125
2022-09-12,339.55999755859375
2022-09-13,323.6099853515625
2022-09-14,323.3699951171875
2022-09-15,315.94000244140625
2022-09-16,314.2099914550781
2022-09-19,317.32000732421875
2022-09-20,316.260009765625
2022-09-21,313.1099853515625
2022-09-22,306.9700012207031
2022-09-23,303.2799987792969
2022-09-26,303.3399963378906
2022-09-27,306.0899963378906
2022-09-28,313.1600036621094
2022-09-29,309.2200012207031
2022-09-30,305.510009765625
2022-10-03,316.9800109863281
2022-10-04,321.70001220703125
2022-10-05,321.3699951171875
2022-10-06,321.92999267578125
2022-10-07,307.010009765625
2022-10-10,292.9800109863281
2022-10-11,277.3399963378906
2022-10-12,276.19000244140625
2022-10-13,287.42999267578125
2022-10-14,277.6099853515625
2022-10-17,289.260009765625
2022-10-18,292.2699890136719
2022-10-19,288.9599914550781
2022-10-20,289.7099914550781
2022-10-21,296.5
2022-10-24,301.67999267578125
2022-10-25,294.7300109863281
2022-10-26,292.7300109863281
2022-10-27,289.19000244140625
2022-10-28,295.8399963378906
2022-10-31,292.54998779296875
2022-11-01,291.1700134277344
2022-11-02,281.1099853515625
2022-11-03,279.2900085449219
2022-11-04,276.57000732421875
2022-11-07,280.5299987792969
2022-11-08,291.5799865722656
2022-11-09,290.0799865722656
2022-11-10,318.760009765625
2022-11-11,331.3999938964844
2022-11-14,330.67999267578125
2022-11-15,334.20001220703125
2022-11-16,331.45001220703125
2022-11-17,324.2699890136719
2022-11-18,325.8900146484375
2022-11-21,324.82000732421875
2022-11-22,326.9599914550781
2022-11-23,334.2900085449219
2022-11-25,332.6400146484375
2022-11-28,329.1199951171875
2022-11-29,323.6600036621094
2022-11-30,339.5400085449219
2022-12-01,357.8399963378906
2022-12-02,348.1700134277344
2022-12-05,331.2699890136719
2022-12-06,328.0199890136719
2022-12-07,323.79998779296875
2022-12-08,330.6099853515625
2022-12-09,325.75
2022-12-12,334.3399963378906
2022-12-13,338.1300048828125
2022-12-14,332.0299987792969
2022-12-15,323.82000732421875
2022-12-16,329.1199951171875
2022-12-19,323.3900146484375
2022-12-20,324.42999267578125
2022-12-21,330.2200012207031
2022-12-22,321.7200012207031
2022-12-23,320.2099914550781
2022-12-27,317.95001220703125
2022-12-28,315.30999755859375
2022-12-29,321.9800109863281
2022-12-30,319.2900085449219
2023-01-03,319.67999267578125
2023-01-04,320.92999267578125
2023-01-05,315.0400085449219
2023-01-06,320.5400085449219
2023-01-09,325.95001220703125
2023-01-10,327.6300048828125
2023-01-11,334.3500061035156
2023-01-12,333.1000061035156
2023-01-13,332.9700012207031
2023-01-17,337.29998779296875
2023-01-18,335.6600036621094
2023-01-19,331.2799987792969
2023-01-20,342.4200134277344
2023-01-23,350.3299865722656
2023-01-24,349.2799987792969
2023-01-25,349.2699890136719
2023-01-26,356.6700134277344
2023-01-27,357.2699890136719
2023-01-30,349.8800048828125
2023-01-31,353.75
2023-02-01,367.04998779296875
2023-02-02,368.5899963378906
2023-02-03,361.44000244140625
2023-02-06,359.9700012207031
2023-02-07,366.75
2023-02-08,360.6000061035156
2023-02-09,363.7099914550781
2023-02-10,359.1099853515625
2023-02-13,361.760009765625
2023-02-14,375.94000244140625
2023-02-15,379.4800109863281
2023-02-16,359.7099914550781
2023-02-17,354.45001220703125
2023-02-21,352.3500061035156
2023-02-22,355.05999755859375
2023-02-23,365.4800109863281
2023-02-24,362.2799987792969
2023-02-27,363.3599853515625
2023-02-28,363.760009765625
2023-03-01,361.0199890136719
2023-03-02,363.3800048828125
2023-03-03,367.5
2023-03-06,368.7699890136719
2023-03-07,361.2799987792969
2023-03-08,369.0199890136719
2023-03-09,361.9200134277344
2023-03-10,355.2300109863281
2023-03-13,357.2900085449219
2023-03-14,369.8399963378906
2023-03-15,366.82000732421875
2023-03-16,374.0
2023-03-17,372.5299987792969
2023-03-20,375.5899963378906
2023-03-21,374.3599853515625
2023-03-22,371.3500061035156
2023-03-23,379.3999938964844
2023-03-24,376.55999755859375
2023-03-27,373.9200134277344
2023-03-28,369.8699951171875
2023-03-29,375.0400085449219
2023-03-30,375.94000244140625
2023-03-31,386.25
2023-04-03,388.94000244140625
2023-04-04,384.92999267578125
2023-04-05,378.3599853515625
2023-04-06,375.9200134277344
2023-04-10,379.989990234375
2023-04-11,379.3999938964844
2023-04-12,376.5199890136719
2023-04-13,381.55999755859375
2023-04-14,381.67999267578125
2023-04-17,380.19000244140625
2023-04-18,380.42999267578125
2023-04-19,378.7699890136719
2023-04-20,377.55999755859375
2023-04-21,377.260009765625
2023-04-24,375.6700134277344
2023-04-25,364.5299987792969
2023-04-26,365.1000061035156
2023-04-27,368.3900146484375
2023-04-28,371.32000732421875
2023-05-01,371.6199951171875
2023-05-02,368.8299865722656
2023-05-03,368.0
2023-05-04,366.6199951171875
2023-05-05,371.55999755859375
2023-05-08,371.739990234375
2023-05-09,366.95001220703125
2023-05-10,370.1199951171875
2023-05-11,367.9599914550781
2023-05-12,368.8399963378906
2023-05-15,373.2799987792969
2023-05-16,375.1400146484375
2023-05-17,377.0799865722656
2023-05-18,409.7099914550781
2023-05-19,408.5
2023-05-22,401.67999267578125
2023-05-23,393.0899963378906
2023-05-24,395.3900146484375
2023-05-25,434.20001220703125
2023-05-26,444.7300109863281
2023-05-30,464.8299865722656
2023-05-31,454.9599914550781
2023-06-01,454.54998779296875
2023-06-02,449.3599853515625
2023-06-05,450.1600036621094
2023-06-06,443.8399963378906
2023-06-07,435.32000732421875
2023-06-08,437.69000244140625
2023-06-09,438.7799987792969
2023-06-12,446.0400085449219
2023-06-13,449.9800109863281
2023-06-14,446.04998779296875
2023-06-15,446.3699951171875
2023-06-16,441.19000244140625
2023-06-20,435.5
2023-06-21,426.3399963378906
2023-06-22,426.1300048828125
2023-06-23,419.55999755859375
2023-06-26,417.2099914550781
2023-06-27,426.7799987792969
2023-06-28,427.1499938964844
2023-06-29,427.8999938964844
2023-06-30,435.4100036621094
2023-07-03,434.010009765625
2023-07-05,432.739990234375
2023-07-06,431.1099853515625
2023-07-07,431.2900085449219
2023-07-10,445.7200012207031
2023-07-11,438.70001220703125
2023-07-12,441.3500061035156
2023-07-13,448.8399963378906
2023-07-14,454.1099853515625
2023-07-17,461.17999267578125
2023-07-18,462.92999267578125
2023-07-19,457.3299865722656
2023-07-20,451.7099914550781
2023-07-21,454.0
2023-07-24,450.75
2023-07-25,456.45001220703125
2023-07-26,449.3299865722656
2023-07-27,448.739990234375
2023-07-28,450.8999938964844
2023-07-31,451.79998779296875
2023-08-01,453.510009765625
2023-08-02,441.17999267578125
2023-08-03,440.1199951171875
2023-08-04,441.4200134277344
2023-08-07,444.0
2023-08-08,435.989990234375
2023-08-09,428.9599914550781
2023-08-10,431.3900146484375
2023-08-11,428.4599914550781
2023-08-14,434.8500061035156
2023-08-15,436.739990234375
2023-08-16,428.2099914550781
2023-08-17,424.1000061035156
2023-08-18,426.0199890136719
2023-08-21,436.4700012207031
2023-08-22,436.3900146484375
2023-08-23,448.239990234375
2023-08-24,435.8599853515625
2023-08-25,442.239990234375
2023-08-28,443.67999267578125
2023-08-29,451.57000732421875
2023-08-30,457.2799987792969
2023-08-31,458.8900146484375
2023-09-01,460.45001220703125
2023-09-05,466.8500061035156
2023-09-06,465.69000244140625
2023-09-07,458.0899963378906
2023-09-08,459.1400146484375
2023-09-11,461.82000732421875
2023-09-12,454.3599853515625
2023-09-13,466.8599853515625
2023-09-14,466.1499938964844
2023-09-15,451.92999267578125
2023-09-18,460.010009765625
2023-09-19,460.0199890136719
2023-09-20,453.2799987792969
2023-09-21,444.2699890136719
2023-09-22,446.8500061035156
2023-09-25,447.8299865722656
2023-09-26,444.3500061035156
2023-09-27,446.7099914550781
2023-09-28,460.7099914550781
2023-09-29,458.9700012207031
2023-10-02,463.82000732421875
2023-10-03,450.7200012207031
2023-10-04,461.32000732421875
2023-10-05,459.75
2023-10-06,473.260009765625
2023-10-09,479.9200134277344
2023-10-10,490.1099853515625
2023-10-11,494.95001220703125
2023-10-12,496.2300109863281
2023-10-13,489.6700134277344
2023-10-16,491.9599914550781
2023-10-17,492.04998779296875
2023-10-18,485.7300109863281
2023-10-19,482.3699951171875
2023-10-20,467.6400146484375
2023-10-23,467.82000732421875
2023-10-24,468.0299987792969
2023-10-25,455.260009765625
2023-10-26,453.5400085449219
2023-10-27,457.0
2023-10-30,460.94000244140625
2023-10-31,469.44000244140625
2023-11-01,475.3800048828125
2023-11-02,478.6400146484375
2023-11-03,487.94000244140625
2023-11-06,489.94000244140625
2023-11-07,499.0199890136719
2023-11-08,506.1600036621094
2023-11-09,505.1700134277344
2023-11-10,518.8300170898438
2023-11-13,522.8800048828125
2023-11-14,538.3200073242188
2023-11-15,529.3200073242188
2023-11-16,533.4500122070312
2023-11-17,534.780029296875
2023-11-20,541.52001953125
2023-11-21,540.3800048828125
2023-11-22,541.030029296875
2023-11-24,542.6900024414062
2023-11-27,543.530029296875
2023-11-28,543.72998046875
2023-11-29,552.4600219726562
2023-11-30,543.22998046875
2023-12-01,545.9600219726562
2023-12-04,531.2000122070312
2023-12-05,535.7100219726562
2023-12-06,527.489990234375
2023-12-07,534.1500244140625
2023-12-08,535.9299926757812
2023-12-11,556.02001953125
2023-12-12,567.0599975585938
2023-12-13,568.0900268554688
2023-12-14,551.4500122070312
2023-12-15,556.27001953125
2023-12-18,559.6900024414062
2023-12-19,558.6500244140625
2023-12-20,551.719970703125
2023-12-21,559.9600219726562
2023-12-22,524.4600219726562
2023-12-26,520.25
2023-12-27,518.0999755859375
2023-12-28,517.4099731445312
2023-12-29,514.9099731445312
2024-01-02,498.9700012207031
2024-01-03,492.3999938964844
2024-01-04,490.17999267578125
2024-01-05,484.80999755859375
2024-01-08,499.9800109863281
2024-01-09,501.8699951171875
2024-01-10,505.17999267578125
2024-01-11,498.4599914550781
2024-01-12,494.3999938964844
2024-01-16,509.67999267578125
2024-01-17,507.8699951171875
2024-01-18,494.3399963378906
2024-01-19,517.3099975585938
2024-01-22,541.7100219726562
2024-01-23,548.9000244140625
2024-01-24,540.4600219726562
2024-01-25,536.6799926757812
2024-01-26,528.1300048828125
2024-01-29,539.9000244140625
2024-01-30,543.1799926757812
2024-01-31,533.3499755859375
2024-02-01,540.0
2024-02-02,552.0499877929688
2024-02-05,559.1400146484375
2024-02-06,542.4299926757812
2024-02-07,554.280029296875
2024-02-08,570.6900024414062
2024-02-09,575.2999877929688
2024-02-12,568.9299926757812
2024-02-13,548.530029296875
2024-02-14,562.72998046875
2024-02-15,557.8300170898438
2024-02-16,552.9099731445312
2024-02-20,547.97998046875
2024-02-21,543.5700073242188
2024-02-22,580.9000244140625
2024-02-23,575.6500244140625
2024-02-26,575.7000122070312
2024-02-27,574.0
2024-02-28,570.280029296875
2024-02-29,573.72998046875
2024-03-01,591.3499755859375
2024-03-04,594.3200073242188
2024-03-05,565.260009765625
2024-03-06,575.969970703125
2024-03-07,583.3499755859375
2024-03-08,571.2899780273438
2024-03-11,565.3200073242188
2024-03-12,576.719970703125
2024-03-13,561.2000122070312
2024-03-14,559.3099975585938
2024-03-15,550.030029296875
2024-03-18,560.6300048828125
2024-03-19,584.7100219726562
2024-03-20,589.780029296875
2024-03-21,602.010009765625
2024-03-22,594.2000122070312
2024-03-25,584.3200073242188
2024-03-26,584.3200073242188
2024-03-27,573.3499755859375
2024-03-28,571.5
2024-04-01,576.8900146484375
2024-04-02,569.8200073242188
2024-04-03,578.8699951171875
2024-04-04,567.1099853515625
2024-04-05,575.4500122070312
2024-04-08,576.3599853515625
2024-04-09,568.989990234375
2024-04-10,561.22998046875
2024-04-11,561.969970703125
2024-04-12,557.1599731445312
2024-04-15,543.9099731445312
2024-04-16,541.0900268554688
2024-04-17,527.5800170898438
2024-04-18,519.7100219726562
2024-04-19,510.7099914550781
2024-04-22,515.489990234375
2024-04-23,527.5
2024-04-24,527.52001953125
2024-04-25,530.1099853515625
2024-04-26,543.6599731445312
2024-04-29,544.760009765625
2024-04-30,530.5900268554688
2024-05-01,522.1799926757812
2024-05-02,523.3800048828125
2024-05-03,536.9400024414062
2024-05-06,545.5399780273438
2024-05-07,549.6099853515625
2024-05-08,550.489990234375
2024-05-09,549.8800048828125
2024-05-10,556.7100219726562
2024-05-13,557.3900146484375
2024-05-14,559.6300048828125
2024-05-15,580.2000122070312
2024-05-16,569.27001953125
2024-05-17,566.72998046875
2024-05-20,574.3800048828125
2024-05-21,571.530029296875
2024-05-22,573.1300048828125
2024-05-23,586.2999877929688
2024-05-24,587.4000244140625
2024-05-28,587.9400024414062
2024-05-29,580.2100219726562
2024-05-30,564.72998046875
2024-05-31,560.7999877929688
2024-06-03,561.1799926757812
2024-06-04,561.72998046875
2024-06-05,588.1400146484375
2024-06-06,573.8499755859375
2024-06-07,571.4500122070312
2024-06-10,576.1799926757812
2024-06-11,579.9099731445312
2024-06-12,590.8900146484375
2024-06-13,586.5399780273438
2024-06-14,590.2100219726562
2024-06-17,612.719970703125
2024-06-18,620.3099975585938
2024-06-20,610.1799926757812
2024-06-21,605.530029296875
2024-06-24,595.5999755859375
2024-06-25,600.1400146484375
2024-06-26,598.52001953125
2024-06-27,595.0
2024-06-28,595.0599975585938
2024-07-01,601.75
2024-07-02,609.6599731445312
2024-07-03,606.989990234375
2024-07-05,621.2999877929688
2024-07-08,615.489990234375
2024-07-09,607.9400024414062
2024-07-10,619.5599975585938
2024-07-11,608.739990234375
2024-07-12,614.0499877929688
2024-07-15,616.010009765625
2024-07-16,613.010009765625
2024-07-17,570.3800048828125
2024-07-18,560.3800048828125
2024-07-19,563.1199951171875
2024-07-22,587.7100219726562
2024-07-23,588.3300170898438
2024-07-24,553.3300170898438
2024-07-25,538.719970703125
2024-07-26,546.3800048828125
2024-07-29,547.52001953125
2024-07-30,525.8900146484375
2024-07-31,558.3200073242188
2024-08-01,540.6699829101562
2024-08-02,505.7799987792969
2024-08-05,487.8399963378906
2024-08-06,499.3900146484375
2024-08-07,489.9700012207031
2024-08-08,515.030029296875
2024-08-09,524.72998046875
2024-08-12,520.8400268554688
2024-08-13,528.6400146484375
2024-08-14,530.7999877929688
2024-08-15,548.280029296875
2024-08-16,549.0
2024-08-19,558.219970703125
2024-08-20,557.030029296875
2024-08-21,564.6799926757812
2024-08-22,548.0599975585938
2024-08-23,539.3900146484375
2024-08-26,525.9099731445312
2024-08-27,521.780029296875
2024-08-28,509.9800109863281
2024-08-29,517.02001953125
2024-08-30,519.5800170898438
2024-09-03,481.2200012207031
2024-09-04,477.5299987792969
2024-09-05,476.0299987792969
2024-09-06,463.9700012207031
2024-09-09,464.1600036621094
2024-09-10,465.5
2024-09-11,481.5
2024-09-12,488.95001220703125
2024-09-13,490.07000732421875
2024-09-16,498.57000732421875
2024-09-17,502.25
2024-09-18,495.95001220703125
2024-09-19,514.1199951171875
2024-09-20,506.6499938964844
2024-09-23,505.7900085449219
2024-09-24,506.8299865722656
2024-09-25,510.3599853515625
2024-09-26,515.4000244140625
2024-09-27,513.3099975585938
2024-09-30,506.3900146484375
2024-10-01,495.55999755859375
2024-10-02,496.82000732421875
2024-10-03,495.4100036621094
2024-10-04,499.1199951171875
2024-10-07,494.8699951171875
2024-10-08,517.760009765625
2024-10-09,529.0
2024-10-10,533.0800170898438
2024-10-11,539.9199829101562
2024-10-14,545.4600219726562
2024-10-15,517.5599975585938
2024-10-16,501.3500061035156
2024-10-17,504.69000244140625
2024-10-18,507.0299987792969
2024-10-21,505.5899963378906
2024-10-22,502.4100036621094
2024-10-23,493.4100036621094
2024-10-24,495.25
2024-10-25,501.5799865722656
2024-10-28,496.17999267578125
2024-10-29,529.2100219726562
2024-10-30,536.4199829101562
2024-10-31,513.6099853515625
2024-11-01,518.4000244140625
2024-11-04,524.52001953125
2024-11-05,521.97998046875
2024-11-06,553.1500244140625
2024-11-07,573.5900268554688
2024-11-08,561.5499877929688
2024-11-11,556.260009765625
2024-11-12,553.469970703125
2024-11-13,557.9600219726562
2024-11-14,548.3099975585938
2024-11-15,520.75
2024-11-18,523.97998046875
2024-11-19,534.02001953125
2024-11-20,541.5599975585938
2024-11-21,557.9400024414062
2024-11-22,565.0700073242188
2024-11-25,561.8699951171875
2024-11-26,553.9500122070312
2024-11-27,547.739990234375
2024-11-29,558.489990234375
2024-12-02,565.9299926757812
2024-12-03,570.1900024414062
2024-12-04,588.0
2024-12-05,515.2899780273438
2024-12-06,517.280029296875
2024-12-09,508.489990234375
2024-12-10,505.32000732421875
2024-12-11,512.0599975585938
2024-12-12,511.7300109863281
2024-12-13,508.2799987792969
2024-12-16,522.1099853515625
2024-12-17,511.8699951171875
2024-12-18,494.42999267578125
2024-12-19,493.3500061035156
2024-12-20,492.17999267578125
2024-12-23,492.5799865722656
2024-12-24,500.1600036621094
2024-12-26,495.82000732421875
2024-12-27,490.9100036621094
2024-12-30,486.739990234375
2024-12-31,485.3599853515625
2025-01-02,482.75
2025-01-03,493.7099914550781
2025-01-06,501.05999755859375
2025-01-07,487.6199951171875
2025-01-08,502.0
2025-01-10,492.5400085449219
2025-01-13,487.42999267578125
2025-01-14,490.3599853515625
2025-01-15,507.19000244140625
2025-01-16,515.8099975585938
2025-01-17,526.7000122070312
2025-01-21,529.75
2025-01-22,544.7000122070312
2025-01-23,551.5399780273438
2025-01-24,546.1900024414062
2025-01-27,510.7300109863281
2025-01-28,526.1199951171875
2025-01-29,512.7100219726562
2025-01-30,526.3599853515625
2025-01-31,525.47998046875
2025-02-03,520.25
2025-02-04,523.8800048828125
2025-02-05,528.4199829101562
2025-02-06,533.1799926757812
2025-02-07,525.8200073242188
2025-02-10,531.3300170898438
2025-02-11,529.1400146484375
2025-02-12,509.7099914550781
2025-02-13,528.2899780273438
2025-02-14,522.530029296875
2025-02-18,525.0
2025-02-19,500.9800109863281
2025-02-20,493.9700012207031
2025-02-21,474.8399963378906
2025-02-24,470.0799865722656
2025-02-25,457.95001220703125
2025-02-26,470.4599914550781
2025-02-27,454.7099914550781
2025-02-28,457.2799987792969
2025-03-03,443.260009765625
2025-03-04,445.4700012207031
2025-03-05,447.9599914550781
2025-03-06,445.7300109863281
2025-03-07,450.8800048828125
2025-03-10,429.8500061035156
2025-03-11,430.67999267578125
2025-03-12,432.4599914550781
2025-03-13,428.5799865722656
2025-03-14,446.2300109863281
2025-03-17,453.510009765625
2025-03-18,447.989990234375
2025-03-19,450.2799987792969
2025-03-20,449.989990234375
2025-03-21,448.6000061035156
2025-03-24,457.7699890136719
2025-03-25,457.2300109863281
2025-03-26,449.8999938964844
2025-03-27,446.2300109863281
2025-03-28,437.95001220703125
2025-03-31,428.8500061035156
2025-04-01,435.94000244140625
2025-04-02,438.54998779296875
2025-04-03,417.760009765625
2025-04-04,388.1300048828125
2025-04-07,380.8999938964844
2025-04-08,381.5899963378906
2025-04-09,428.70001220703125
2025-04-10,406.8900146484375
2025-04-11,421.2099914550781
2025-04-14,421.9800109863281
2025-04-15,425.6499938964844
2025-04-16,415.6499938964844
2025-04-17,413.32000732421875
2025-04-21,402.3599853515625
2025-04-22,413.3999938964844
2025-04-23,422.2300109863281
2025-04-24,438.8999938964844
2025-04-25,446.6199951171875
2025-04-28,443.9700012207031
2025-04-29,460.7699890136719
2025-04-30,459.010009765625
2025-05-01,459.3599853515625
2025-05-02,472.2799987792969
2025-05-05,477.4100036621094
2025-05-06,473.54998779296875
2025-05-07,480.5400085449219
2025-05-08,484.5
2025-05-09,482.8999938964844
2025-05-12,505.5899963378906
2025-05-13,515.7100219726562
2025-05-14,517.6599731445312
2025-05-15,514.47998046875
2025-05-16,514.4299926757812
2025-05-19,516.010009765625
2025-05-20,515.6099853515625
2025-05-21,501.4599914550781
2025-05-22,503.4800109863281
2025-05-23,498.8500061035156
2025-05-27,511.7900085449219
2025-05-28,462.42999267578125
2025-05-29,454.989990234375
2025-05-30,463.9800109863281
2025-06-02,466.1499938964844
2025-06-03,466.260009765625
2025-06-04,473.19000244140625
2025-06-05,482.20001220703125
2025-06-06,486.0
2025-06-09,495.7699890136719
2025-06-10,504.3999938964844
2025-06-11,500.7300109863281
2025-06-12,494.989990234375
2025-06-13,478.8599853515625
2025-06-16,479.4100036621094
2025-06-17,475.3999938964844
2025-06-18,473.6199951171875
2025-06-20,470.5299987792969
2025-06-23,470.9800109863281
2025-06-24,478.9800109863281
2025-06-25,487.2699890136719
2025-06-26,495.70001220703125
2025-06-27,502.6300048828125
2025-06-30,512.6799926757812
2025-07-01,521.780029296875
2025-07-02,523.1099853515625
2025-07-03,548.739990234375
2025-07-07,536.52001953125
2025-07-08,551.510009765625
2025-07-09,550.9500122070312
2025-07-10,566.1900024414062
2025-07-11,559.280029296875
2025-07-14,549.530029296875
2025-07-15,569.0999755859375
2025-07-16,571.2000122070312
2025-07-17,589.010009765625
2025-07-18,584.760009765625
2025-07-21,591.4600219726562
2025-07-22,615.1300048828125
2025-07-23,614.4199829101562
2025-07-24,609.6799926757812
2025-07-25,601.5499877929688
2025-07-28,592.6300048828125
2025-07-29,635.8099975585938
2025-07-30,645.3499755859375
2025-07-31,633.469970703125
2025-08-01,618.6500244140625
2025-08-04,636.02001953125
2025-08-05,628.5
2025-08-06,625.8800048828125
2025-08-07,620.3300170898438
2025-08-08,619.4199829101562
2025-08-11,616.1199951171875
2025-08-12,625.7999877929688
2025-08-13,618.5700073242188
2025-08-14,616.3599853515625
2025-08-15,617.9099731445312
2025-08-18,625.3300170898438
2025-08-19,612.7899780273438
2025-08-20,601.1300048828125
2025-08-21,598.1699829101562
2025-08-22,606.52001953125
2025-08-25,597.0
2025-08-26,596.0
2025-08-27,603.1699829101562
2025-08-28,612.1699829101562
2025-08-29,603.52001953125
2025-09-02,592.010009765625
2025-09-03,592.1199951171875
2025-09-04,601.9600219726562
2025-09-05,598.1400146484375
2025-09-08,609.0800170898438
2025-09-09,604.3699951171875
2025-09-10,387.7799987792969
2025-09-11,438.1000061035156
2025-09-12,425.45001220703125
2025-09-15,419.20001220703125
2025-09-16,425.9700012207031
2025-09-17,425.3999938964844
2025-09-18,480.1099853515625
2025-09-19,495.5
2025-09-22,514.7899780273438
2025-09-23,490.32000732421875
2025-09-24,468.0899963378906
2025-09-25,487.20001220703125
2025-09-26,487.760009765625
2025-09-29,481.6099853515625
2025-09-30,493.3900146484375
2025-10-01,488.7799987792969
2025-10-02,471.1499938964844
2025-10-03,469.1700134277344
2025-10-06,478.2200012207031
2025-10-07,477.8299865722656
2025-10-08,489.3599853515625
2025-10-09,484.4100036621094
2025-10-10,438.9200134277344
2025-10-13,448.0
2025-10-14,443.760009765625
2025-10-15,435.8999938964844
2025-10-16,440.20001220703125
2025-10-17,447.6400146484375
2025-10-20,453.3500061035156
2025-10-21,459.0400085449219
2025-10-22,454.29998779296875
2025-10-23,456.0899963378906
2025-10-24,464.17999267578125
2025-10-27,465.4100036621094
2025-10-28,456.8299865722656
2025-10-29,455.3399963378906
2025-10-30,442.92999267578125
2025-10-31,453.82000732421875
2025-11-03,445.7200012207031
2025-11-04,416.3500061035156
2025-11-05,409.1099853515625
2025-11-06,396.1400146484375
2025-11-07,393.42999267578125
2025-11-10,400.7699890136719
2025-11-11,395.6000061035156
2025-11-12,398.80999755859375
2025-11-13,393.92999267578125
2025-11-14,389.8299865722656
2025-11-17,390.239990234375
2025-11-18,383.82000732421875
2025-11-19,386.29998779296875
2025-11-20,385.6000061035156
2025-11-21,388.3599853515625
2025-11-24,404.6300048828125
2025-11-25,401.6099853515625
2025-11-26,409.67999267578125
2025-11-28,418.010009765625
2025-12-01,438.2900085449219
2025-12-02,449.3500061035156
2025-12-03,466.44000244140625
2025-12-04,463.739990234375
2025-12-05,466.760009765625
2025-12-08,465.75
2025-12-09,465.8500061035156
2025-12-10,475.8299865722656
2025-12-11,477.260009765625
2025-12-12,452.95001220703125
2025-12-15,454.6700134277344
2025-12-16,463.3399963378906
2025-12-17,453.07000732421875
2025-12-18,458.1300048828125
2025-12-19,463.7300109863281
2025-12-22,481.239990234375
2025-12-23,475.4700012207031
2025-12-24,475.75
2025-12-26,477.1400146484375
2025-12-29,478.9700012207031
2025-12-30,474.489990234375
2025-12-31,469.7200012207031
2026-01-02,480.4200134277344
2026-01-05,494.19000244140625
2026-01-06,508.7699890136719
2026-01-07,519.7000122070312
2026-01-08,514.489990234375
2026-01-09,525.1799926757812
2026-01-12,533.4199829101562
2026-01-13,511.79998779296875
2026-01-14,505.3399963378906
2026-01-15,508.19000244140625
2026-01-16,516.3099975585938
2026-01-20,510.9700012207031
2026-01-21,521.9500122070312
2026-01-22,509.4700012207031
2026-01-23,501.3900146484375
2026-01-26,503.010009765625
2026-01-27,502.70001220703125
2026-01-28,511.3500061035156
2026-01-29,480.0
2026-01-30,465.1199951171875
2026-02-02,457.8900146484375
2026-02-03,419.1400146484375
2026-02-04,418.9800109863281
2026-02-05,410.44000244140625
2026-02-06,426.8800048828125
2026-02-09,438.8999938964844
2026-02-10,437.45001220703125
2026-02-11,438.2099914550781
2026-02-12,423.3500061035156
2026-02-13,437.0899963378906
2026-02-17,421.95001220703125
2026-02-18,442.30999755859375
2026-02-19,442.44000244140625
2026-02-20,439.94000244140625
2026-02-23,420.82000732421875
2026-02-24,440.7200012207031
2026-02-25,449.1700134277344
2026-02-26,426.0
2026-02-27,414.0
2026-03-02,424.6600036621094
2026-03-03,424.32000732421875
2026-03-04,430.9800109863281
2026-03-05,442.29998779296875
2026-03-06,437.4100036621094
2026-03-09,437.2200012207031
2026-03-10,432.6499938964844
2026-03-11,432.9800109863281
2026-03-12,418.7200012207031
2026-03-13,412.6300048828125
2026-03-16,425.8800048828125
2026-03-17,429.2900085449219
2026-03-18,428.6700134277344
2026-03-19,428.25
2026-03-20,420.32000732421875
2026-03-23,432.4800109863281
2026-03-24,415.6199951171875
2026-03-25,410.1300048828125
2026-03-26,401.95001220703125
2026-03-27,380.4700012207031
2026-03-30,383.1400146484375
2026-03-31,396.4800109863281
2026-04-01,396.739990234375
2026-04-02,395.95001220703125
2026-04-06,397.07000732421875
2026-04-07,397.8999938964844
2026-04-08,410.1600036621094
2026-04-09,404.9200134277344
2026-04-10,392.239990234375
2026-04-13,417.7699890136719
2026-04-14,418.79998779296875
2026-04-15,438.45001220703125
2026-04-16,441.1499938964844
2026-04-17,449.5799865722656
2026-04-20,460.95001220703125
2026-04-21,467.5799865722656
2026-04-22,477.260009765625
2026-04-23,456.8500061035156
2026-04-24,500.82000732421875
2026-04-27,498.5400085449219
2026-04-28,483.8900146484375
2026-04-29,481.2200012207031
2026-04-30,482.6000061035156
2026-05-01,489.0199890136719
2026-05-04,497.5
2026-05-05,502.510009765625
2026-05-06,504.4200134277344
2026-05-07,505.19000244140625
2026-05-08,516.47998046875
2026-05-11,516.1900024414062
2026-05-12,513.2100219726562
2026-05-13,509.2799987792969
2026-05-14,510.0199890136719
2026-05-15,502.4200134277344
2026-05-18,498.42999267578125
2026-05-19,493.8699951171875
2026-05-20,498.92999267578125
2026-05-21,503.9800109863281
2026-05-22,524.739990234375
2026-05-26,534.5599975585938
2026-05-27,525.9199829101562
2026-05-28,480.6400146484375
2026-05-29,475.6199951171875
2026-06-01,492.2900085449219
2026-06-02,508.3500061035156
2026-06-03,498.0199890136719
2026-06-04,494.4800109863281
2026-06-05,464.8500061035156
2026-06-08,473.4800109863281
2026-06-09,465.2699890136719
2026-06-10,460.5400085449219
2026-06-11,456.2900085449219
2026-06-12,453.8900146484375
2026-06-15,454.3800048828125
2026-06-16,448.3800048828125
2026-06-17,461.739990234375
2026-06-18,455.510009765625
2026-06-22,464.5799865722656
2026-06-23,461.5
2026-06-24,463.92999267578125
2026-06-25,455.0199890136719
2026-06-26,454.3399963378906
2026-06-29,447.260009765625
2026-06-30,446.07000732421875
2026-07-01,454.5299987792969
2026-07-02,437.1600036621094
2026-07-06,442.2699890136719
2026-07-07,436.6300048828125
2026-07-08,434.5
2026-07-09,443.3699951171875
2026-07-10,445.5
2026-07-13,433.82000732421875
2026-07-14,427.5350036621094
